alpha,N_species,w,mean_leading_eigenvalue,extinction_counter, attempt_counter
-2.125000,10.000000,0.250000,-0.454253,0.000000,1.000000
-2.125000,10.000000,0.350000,-0.450598,0.000000,1.000000
-2.125000,10.000000,0.150000,-0.457392,0.000000,1.000000
-2.125000,10.000000,0.450000,-0.446940,0.000000,1.000000
-2.125000,10.000000,0.000000,-0.462367,0.000000,1.000000
-2.125000,10.000000,0.500000,-0.445111,0.000000,1.000000
-2.125000,10.000000,0.200000,-0.455754,0.000000,1.000000
-2.125000,10.000000,0.700000,-0.437242,0.000000,1.000000
-2.125000,10.000000,0.100000,-0.459049,0.000000,1.000000
-2.125000,10.000000,0.050000,-0.460709,0.000000,1.000000
-2.125000,10.000000,0.600000,-0.441267,0.000000,1.000000
-2.125000,10.000000,0.650000,-0.439228,0.000000,1.000000
-2.125000,10.000000,0.300000,-0.452426,0.000000,1.000000
-2.125000,10.000000,0.900000,-0.429408,0.000000,1.000000
-2.125000,10.000000,0.550000,-0.443282,0.000000,1.000000
-2.125000,10.000000,0.750000,-0.435273,0.000000,1.000000
-2.125000,10.000000,0.800000,-0.433312,0.000000,1.000000
-2.125000,10.000000,0.850000,-0.431358,0.000000,1.000000
-2.125000,10.000000,0.400000,-0.448769,0.000000,1.000000
-2.125000,10.000000,1.000000,-0.430351,0.000000,1.000000
-2.125000,25.000000,0.250000,-0.431563,0.000000,1.000000
-2.125000,25.000000,0.550000,-0.408382,0.000000,1.000000
-2.125000,25.000000,0.350000,-0.423888,0.000000,1.000000
-2.125000,25.000000,0.050000,-0.447018,0.000000,1.000000
-2.125000,25.000000,0.750000,-0.392396,0.000000,1.000000
-2.125000,25.000000,0.500000,-0.412300,0.000000,1.000000
-2.125000,25.000000,0.800000,-0.388341,0.000000,1.000000
-2.125000,25.000000,0.450000,-0.416185,0.000000,1.000000
-2.125000,25.000000,0.150000,-0.439264,0.000000,1.000000
-2.125000,25.000000,0.100000,-0.443133,0.000000,1.000000
-2.125000,10.000000,0.950000,-0.432039,0.000000,1.000000
-2.125000,25.000000,0.600000,-0.404428,0.000000,1.000000
-2.125000,25.000000,0.300000,-0.427724,0.000000,1.000000
-2.125000,25.000000,0.000000,-0.450920,0.000000,1.000000
-2.125000,25.000000,0.200000,-0.436749,0.000000,1.000000
-2.125000,25.000000,0.400000,-0.420045,0.000000,1.000000
-2.125000,25.000000,0.900000,-0.380183,0.000000,1.000000
-2.125000,25.000000,0.950000,-0.376082,0.000000,1.000000
-2.125000,25.000000,1.000000,-0.371969,0.000000,1.000000
-2.125000,25.000000,0.850000,-0.384270,0.000000,1.000000
-2.125000,25.000000,0.650000,-0.400444,0.000000,1.000000
-2.125000,25.000000,0.700000,-0.396431,0.000000,1.000000
-2.125000,50.000000,0.000000,-0.444178,0.000000,1.000000
-2.125000,50.000000,0.050000,-0.425788,0.000000,1.000000
-2.125000,50.000000,0.100000,-0.430221,0.000000,1.000000
-2.125000,50.000000,0.250000,-0.405782,0.000000,1.000000
-2.125000,50.000000,0.150000,-0.422017,0.000000,1.000000
-2.125000,50.000000,0.850000,-0.310946,0.000000,1.000000
-2.125000,50.000000,0.200000,-0.413872,0.000000,1.000000
-2.125000,50.000000,0.350000,-0.389756,0.000000,1.000000
-2.125000,50.000000,0.400000,-0.381810,0.000000,1.000000
-2.125000,50.000000,0.800000,-0.318886,0.000000,1.000000
-2.125000,50.000000,0.450000,-0.373902,0.000000,1.000000
-2.125000,50.000000,0.650000,-0.342492,0.000000,1.000000
-2.125000,50.000000,0.300000,-0.397745,0.000000,1.000000
-2.125000,50.000000,0.750000,-0.326783,0.000000,1.000000
-2.125000,50.000000,0.500000,-0.366024,0.000000,1.000000
-2.125000,50.000000,0.950000,-0.294900,0.000000,1.000000
-2.125000,50.000000,0.700000,-0.334647,0.000000,1.000000
-2.125000,50.000000,1.000000,-0.286785,0.000000,1.000000
-2.125000,50.000000,0.900000,-0.302953,0.000000,1.000000
-2.125000,50.000000,0.600000,-0.350329,0.000000,1.000000
-2.125000,50.000000,0.550000,-0.358169,0.000000,1.000000
-1.875000,10.000000,0.050000,-0.523548,0.000000,1.000000
-1.875000,10.000000,0.100000,-0.527216,0.000000,1.000000
-1.875000,10.000000,0.150000,-0.519440,0.000000,1.000000
-1.875000,10.000000,0.200000,-0.520082,0.000000,1.000000
-1.875000,10.000000,0.000000,-0.524794,0.000000,1.000000
-1.875000,10.000000,0.300000,-0.515586,0.000000,1.000000
-1.875000,10.000000,0.250000,-0.518273,0.000000,1.000000
-2.125000,100.000000,0.750000,-0.175230,0.000000,1.000000
-1.875000,10.000000,0.400000,-0.520749,0.000000,1.000000
-1.875000,10.000000,0.550000,-0.517223,0.000000,1.000000
-1.875000,10.000000,0.600000,-0.516028,0.000000,1.000000
-1.875000,10.000000,0.650000,-0.514827,0.000000,1.000000
-1.875000,10.000000,0.700000,-0.513619,0.000000,1.000000
-1.875000,10.000000,0.850000,-0.509976,0.000000,1.000000
-1.875000,10.000000,0.800000,-0.511193,0.000000,1.000000
-1.875000,10.000000,0.350000,-0.521895,0.000000,1.000000
-1.875000,10.000000,0.950000,-0.507537,0.000000,1.000000
-1.875000,10.000000,0.750000,-0.512408,0.000000,1.000000
-1.875000,10.000000,0.450000,-0.519586,0.000000,1.000000
-1.875000,10.000000,1.000000,-0.506316,0.000000,1.000000
-1.875000,10.000000,0.500000,-0.518410,0.000000,1.000000
-2.125000,100.000000,0.250000,-0.346538,0.000000,1.000000
-1.875000,10.000000,0.900000,-0.508757,0.000000,1.000000
-2.125000,100.000000,0.100000,-0.394466,0.000000,1.000000
-2.125000,100.000000,0.200000,-0.363229,0.000000,1.000000
-2.125000,100.000000,0.000000,-0.427403,0.000000,1.000000
-2.125000,100.000000,0.700000,-0.193936,0.000000,1.000000
-2.125000,100.000000,0.500000,-0.262547,0.000000,1.000000
-2.125000,100.000000,0.150000,-0.379217,0.000000,1.000000
-2.125000,100.000000,0.400000,-0.296117,0.000000,1.000000
-2.125000,100.000000,0.550000,-0.245953,0.000000,1.000000
-2.125000,100.000000,0.800000,-0.157532,0.000000,1.000000
-2.125000,100.000000,0.950000,-0.095541,0.000000,1.000000
-2.125000,100.000000,0.050000,-0.409636,0.000000,1.000000
-2.125000,100.000000,0.850000,-0.138252,0.000000,1.000000
-1.875000,25.000000,0.000000,-0.522225,0.000000,1.000000
-2.125000,100.000000,1.000000,-0.069962,0.000000,1.000000
-2.125000,100.000000,0.600000,-0.228661,0.000000,1.000000
-2.125000,100.000000,0.350000,-0.312898,0.000000,1.000000
-2.125000,100.000000,0.650000,-0.211445,0.000000,1.000000
-1.875000,25.000000,0.050000,-0.510329,0.000000,1.000000
-2.125000,100.000000,0.300000,-0.329710,0.000000,1.000000
-2.125000,100.000000,0.450000,-0.279346,0.000000,1.000000
-2.125000,100.000000,0.900000,-0.117810,0.000000,1.000000
-1.875000,25.000000,0.100000,-0.514441,0.000000,1.000000
-1.875000,25.000000,0.350000,-0.487988,0.000000,1.000000
-1.875000,25.000000,0.400000,-0.483673,0.000000,1.000000
-1.875000,25.000000,0.300000,-0.492296,0.000000,1.000000
-1.875000,25.000000,0.550000,-0.470638,0.000000,1.000000
-1.875000,25.000000,0.750000,-0.452984,0.000000,1.000000
-1.875000,25.000000,0.850000,-0.444111,0.000000,1.000000
-1.875000,25.000000,0.950000,-0.435253,0.000000,1.000000
-1.875000,25.000000,0.600000,-0.466250,0.000000,1.000000
-1.875000,25.000000,0.900000,-0.439679,0.000000,1.000000
-1.875000,25.000000,0.250000,-0.496599,0.000000,1.000000
-1.875000,25.000000,1.000000,-0.430835,0.000000,1.000000
-1.875000,25.000000,0.150000,-0.505184,0.000000,1.000000
-1.875000,25.000000,0.200000,-0.500896,0.000000,1.000000
-1.875000,25.000000,0.450000,-0.479346,0.000000,1.000000
-1.875000,25.000000,0.650000,-0.461842,0.000000,1.000000
-1.875000,25.000000,0.800000,-0.448547,0.000000,1.000000
-1.875000,25.000000,0.500000,-0.475003,0.000000,1.000000
-1.875000,50.000000,0.000000,-0.510170,0.000000,1.000000
-1.875000,50.000000,0.050000,-0.503028,0.000000,1.000000
-1.875000,25.000000,0.700000,-0.457417,0.000000,1.000000
-1.875000,50.000000,0.100000,-0.497699,0.000000,1.000000
-1.875000,50.000000,0.150000,-0.484867,0.000000,1.000000
-1.875000,50.000000,0.200000,-0.488324,0.000000,1.000000
-1.875000,50.000000,0.250000,-0.467429,0.000000,1.000000
-1.875000,50.000000,0.350000,-0.453562,0.000000,1.000000
-1.875000,50.000000,0.600000,-0.419833,0.000000,1.000000
-1.875000,50.000000,0.500000,-0.435035,0.000000,1.000000
-1.875000,50.000000,0.750000,-0.397367,0.000000,1.000000
-1.875000,50.000000,0.550000,-0.427410,0.000000,1.000000
-1.875000,50.000000,1.000000,-0.360672,0.000000,1.000000
-1.875000,50.000000,0.950000,-0.367947,0.000000,1.000000
-1.875000,50.000000,0.800000,-0.389959,0.000000,1.000000
-1.875000,50.000000,0.650000,-0.412302,0.000000,1.000000
-1.875000,50.000000,0.850000,-0.382588,0.000000,1.000000
-1.875000,50.000000,0.450000,-0.442711,0.000000,1.000000
-1.875000,50.000000,0.300000,-0.464635,0.000000,1.000000
-1.625000,10.000000,0.100000,-0.584767,0.000000,1.000000
-1.875000,50.000000,0.400000,-0.454001,0.000000,1.000000
-1.875000,50.000000,0.700000,-0.404814,0.000000,1.000000
-1.875000,50.000000,0.900000,-0.375252,0.000000,1.000000
-1.625000,10.000000,0.150000,-0.581400,0.000000,1.000000
-1.625000,10.000000,0.050000,-0.585936,0.000000,1.000000
-1.875000,100.000000,0.250000,-0.433384,0.000000,1.000000
-1.625000,10.000000,0.000000,-0.587107,0.000000,1.000000
-1.875000,100.000000,0.400000,-0.390531,0.000000,1.000000
-1.625000,10.000000,0.200000,-0.582291,0.000000,1.000000
-1.625000,10.000000,0.250000,-0.581125,0.000000,1.000000
-1.625000,10.000000,0.300000,-0.579937,0.000000,1.000000
-1.625000,10.000000,0.400000,-0.577495,0.000000,1.000000
-1.875000,100.000000,0.500000,-0.361592,0.000000,1.000000
-1.875000,100.000000,0.100000,-0.475214,0.000000,1.000000
-1.875000,100.000000,0.950000,-0.231264,0.000000,1.000000
-1.875000,100.000000,0.750000,-0.290002,0.000000,1.000000
-1.875000,100.000000,0.000000,-0.502376,0.000000,1.000000
-1.625000,10.000000,0.750000,-0.568337,0.000000,1.000000
-1.875000,100.000000,0.300000,-0.418867,0.000000,1.000000
-1.625000,10.000000,0.650000,-0.571026,0.000000,1.000000
-1.875000,100.000000,0.350000,-0.404822,0.000000,1.000000
-1.625000,10.000000,0.350000,-0.578728,0.000000,1.000000
-1.875000,100.000000,0.900000,-0.246144,0.000000,1.000000
-1.625000,10.000000,0.550000,-0.573667,0.000000,1.000000
-1.875000,100.000000,0.700000,-0.304449,0.000000,1.000000
-1.625000,10.000000,0.450000,-0.576240,0.000000,1.000000
-1.625000,10.000000,0.600000,-0.572354,0.000000,1.000000
-1.875000,100.000000,0.050000,-0.489257,0.000000,1.000000
-1.875000,100.000000,0.450000,-0.376192,0.000000,1.000000
-1.625000,10.000000,0.950000,-0.562877,0.000000,1.000000
-1.875000,100.000000,0.550000,-0.347533,0.000000,1.000000
-1.625000,10.000000,0.850000,-0.565617,0.000000,1.000000
-1.625000,10.000000,0.800000,-0.566980,0.000000,1.000000
-1.625000,10.000000,1.000000,-0.561502,0.000000,1.000000
-1.875000,100.000000,0.850000,-0.260873,0.000000,1.000000
-1.875000,100.000000,0.200000,-0.446565,0.000000,1.000000
-1.625000,10.000000,0.700000,-0.569687,0.000000,1.000000
-1.625000,25.000000,0.150000,-0.574608,0.000000,1.000000
-1.875000,100.000000,0.650000,-0.318843,0.000000,1.000000
-1.625000,25.000000,0.000000,-0.583953,0.000000,1.000000
-1.875000,100.000000,0.150000,-0.460596,0.000000,1.000000
-1.625000,10.000000,0.500000,-0.574964,0.000000,1.000000
-1.875000,100.000000,0.600000,-0.333199,0.000000,1.000000
-1.875000,100.000000,0.800000,-0.275483,0.000000,1.000000
-1.875000,100.000000,1.000000,-0.212024,0.000000,1.000000
-1.625000,10.000000,0.900000,-0.564249,0.000000,1.000000
-1.625000,25.000000,0.050000,-0.584411,0.000000,1.000000
-1.625000,25.000000,0.100000,-0.573089,0.000000,1.000000
-1.625000,25.000000,0.200000,-0.571414,0.000000,1.000000
-1.625000,25.000000,0.300000,-0.564277,0.000000,1.000000
-1.625000,25.000000,0.250000,-0.566127,0.000000,1.000000
-1.625000,25.000000,0.450000,-0.554418,0.000000,1.000000
-1.625000,25.000000,0.500000,-0.550995,0.000000,1.000000
-1.625000,25.000000,0.350000,-0.556210,0.000000,1.000000
-1.625000,25.000000,0.400000,-0.557827,0.000000,1.000000
-1.625000,25.000000,0.700000,-0.537226,0.000000,1.000000
-1.625000,25.000000,0.550000,-0.547562,0.000000,1.000000
-1.625000,25.000000,0.650000,-0.540676,0.000000,1.000000
-1.625000,25.000000,0.750000,-0.533775,0.000000,1.000000
-1.625000,25.000000,0.900000,-0.513449,0.000000,1.000000
-1.625000,25.000000,0.850000,-0.526872,0.000000,1.000000
-1.625000,25.000000,0.600000,-0.544122,0.000000,1.000000
-1.625000,25.000000,1.000000,-0.524484,0.000000,1.000000
-1.625000,25.000000,0.800000,-0.530323,0.000000,1.000000
-1.625000,50.000000,0.000000,-0.581252,0.000000,1.000000
-1.625000,50.000000,0.050000,-0.576028,0.000000,1.000000
-1.625000,25.000000,0.950000,-0.527688,0.000000,1.000000
-1.625000,50.000000,0.100000,-0.562423,0.000000,1.000000
-1.625000,50.000000,0.150000,-0.566035,0.000000,1.000000
-1.625000,50.000000,0.250000,-0.553764,0.000000,1.000000
-1.625000,50.000000,0.300000,-0.542907,0.000000,1.000000
-1.625000,50.000000,0.500000,-0.509400,0.000000,1.000000
-1.625000,50.000000,0.350000,-0.528478,0.000000,1.000000
-1.625000,50.000000,0.200000,-0.549802,0.000000,1.000000
-1.625000,50.000000,0.550000,-0.504428,0.000000,1.000000
-1.625000,50.000000,0.450000,-0.515769,0.000000,1.000000
-1.625000,50.000000,0.400000,-0.522128,0.000000,1.000000
-1.625000,50.000000,0.700000,-0.488904,0.000000,1.000000
-1.625000,50.000000,0.800000,-0.470878,0.000000,1.000000
-1.625000,50.000000,1.000000,-0.445004,0.000000,1.000000
-1.625000,50.000000,0.850000,-0.468974,0.000000,1.000000
-1.625000,50.000000,0.950000,-0.455821,0.000000,1.000000
-1.625000,50.000000,0.650000,-0.495599,0.000000,1.000000
-1.625000,50.000000,0.750000,-0.478537,0.000000,1.000000
-1.625000,50.000000,0.900000,-0.457947,0.000000,1.000000
-1.625000,50.000000,0.600000,-0.497966,0.000000,1.000000
-1.375000,10.000000,0.100000,-0.649383,0.000000,1.000000
-1.375000,10.000000,0.200000,-0.644575,0.000000,1.000000
-1.375000,10.000000,0.000000,-0.651776,0.000000,1.000000
-1.375000,10.000000,0.150000,-0.648374,0.000000,1.000000
-1.375000,10.000000,0.300000,-0.642794,0.000000,1.000000
-1.375000,10.000000,0.250000,-0.644159,0.000000,1.000000
-1.375000,10.000000,0.350000,-0.646219,0.000000,1.000000
-1.375000,10.000000,0.050000,-0.651422,0.000000,1.000000
-1.375000,10.000000,0.400000,-0.641474,0.000000,1.000000
-1.375000,10.000000,0.500000,-0.631933,0.000000,1.000000
-1.375000,10.000000,0.450000,-0.640220,0.000000,1.000000
-1.625000,100.000000,0.050000,-0.549211,0.000000,1.000000
-1.375000,10.000000,0.550000,-0.637720,0.000000,1.000000
-1.375000,10.000000,0.650000,-0.635231,0.000000,1.000000
-1.375000,10.000000,0.750000,-0.632751,0.000000,1.000000
-1.375000,10.000000,0.800000,-0.639711,0.000000,1.000000
-1.375000,10.000000,0.700000,-0.633990,0.000000,1.000000
-1.375000,10.000000,0.600000,-0.636474,0.000000,1.000000
-1.375000,10.000000,0.850000,-0.630282,0.000000,1.000000
-1.375000,10.000000,0.950000,-0.624517,0.000000,1.000000
-1.375000,10.000000,0.900000,-0.629052,0.000000,1.000000
-1.625000,100.000000,0.550000,-0.423616,0.000000,1.000000
-1.625000,100.000000,0.100000,-0.536113,0.000000,1.000000
-1.625000,100.000000,0.500000,-0.435908,0.000000,1.000000
-1.625000,100.000000,0.200000,-0.510390,0.000000,1.000000
-1.375000,25.000000,0.000000,-0.651496,0.000000,1.000000
-1.625000,100.000000,0.350000,-0.472858,0.000000,1.000000
-1.375000,10.000000,1.000000,-0.626599,0.000000,1.000000
-1.625000,100.000000,0.650000,-0.407491,0.000000,1.000000
-1.625000,100.000000,0.300000,-0.492029,0.000000,1.000000
-1.625000,100.000000,0.000000,-0.558547,0.000000,1.000000
-1.625000,100.000000,0.150000,-0.523156,0.000000,1.000000
-1.625000,100.000000,0.950000,-0.325261,0.000000,1.000000
-1.625000,100.000000,0.750000,-0.383422,0.000000,1.000000
-1.625000,100.000000,0.700000,-0.386715,0.000000,1.000000
-1.625000,100.000000,0.250000,-0.503136,0.000000,1.000000
-1.375000,25.000000,0.050000,-0.648732,0.000000,1.000000
-1.625000,100.000000,0.450000,-0.448203,0.000000,1.000000
-1.625000,100.000000,0.800000,-0.370612,0.000000,1.000000
-1.625000,100.000000,0.900000,-0.346100,0.000000,1.000000
-1.625000,100.000000,0.850000,-0.346900,0.000000,1.000000
-1.625000,100.000000,0.600000,-0.419806,0.000000,1.000000
-1.625000,100.000000,1.000000,-0.321622,0.000000,1.000000
-1.625000,100.000000,0.400000,-0.468740,0.000000,1.000000
-1.375000,25.000000,0.150000,-0.638113,0.000000,1.000000
-1.375000,25.000000,0.100000,-0.642199,0.000000,1.000000
-1.375000,25.000000,0.200000,-0.637106,0.000000,1.000000
-1.375000,25.000000,0.400000,-0.621911,0.000000,1.000000
-1.375000,25.000000,0.350000,-0.624912,0.000000,1.000000
-1.375000,25.000000,0.300000,-0.626152,0.000000,1.000000
-1.375000,25.000000,0.250000,-0.633960,0.000000,1.000000
-1.375000,25.000000,0.600000,-0.609975,0.000000,1.000000
-1.375000,25.000000,0.550000,-0.612950,0.000000,1.000000
-1.375000,25.000000,0.850000,-0.590021,0.000000,1.000000
-1.375000,25.000000,0.700000,-0.604045,0.000000,1.000000
-1.375000,25.000000,0.650000,-0.602986,0.000000,1.000000
-1.375000,25.000000,0.450000,-0.622129,0.000000,1.000000
-1.375000,25.000000,0.500000,-0.618942,0.000000,1.000000
-1.375000,25.000000,0.750000,-0.601091,0.000000,1.000000
-1.375000,25.000000,0.800000,-0.593241,0.000000,1.000000
-1.375000,25.000000,1.000000,-0.586419,0.000000,1.000000
-1.375000,25.000000,0.900000,-0.586815,0.000000,1.000000
-1.375000,25.000000,0.950000,-0.590558,0.000000,1.000000
-1.375000,50.000000,0.050000,-0.637387,0.000000,1.000000
-1.375000,50.000000,0.000000,-0.640348,0.000000,1.000000
-1.375000,50.000000,0.400000,-0.593737,0.000000,1.000000
-1.375000,50.000000,0.450000,-0.598150,0.000000,1.000000
-1.375000,50.000000,0.300000,-0.608827,0.000000,1.000000
-1.375000,50.000000,0.100000,-0.632742,0.000000,1.000000
-1.375000,50.000000,0.250000,-0.614690,0.000000,1.000000
-1.375000,50.000000,0.150000,-0.622248,0.000000,1.000000
-1.375000,50.000000,0.350000,-0.596570,0.000000,1.000000
-1.375000,50.000000,0.550000,-0.586568,0.000000,1.000000
-1.375000,50.000000,0.500000,-0.587786,0.000000,1.000000
-1.375000,50.000000,0.900000,-0.546429,0.000000,1.000000
-1.375000,50.000000,0.200000,-0.620792,0.000000,1.000000
-1.375000,50.000000,0.800000,-0.552090,0.000000,1.000000
-1.375000,50.000000,0.750000,-0.563547,0.000000,1.000000
-1.375000,50.000000,0.650000,-0.575033,0.000000,1.000000
-1.375000,50.000000,0.700000,-0.569284,0.000000,1.000000
-1.375000,50.000000,1.000000,-0.529496,0.000000,1.000000
-1.375000,50.000000,0.600000,-0.575020,0.000000,1.000000
-1.375000,50.000000,0.850000,-0.552119,0.000000,1.000000
-1.375000,50.000000,0.950000,-0.540757,0.000000,1.000000
-1.125000,10.000000,0.050000,-0.714028,0.000000,1.000000
-1.125000,10.000000,0.100000,-0.713066,0.000000,1.000000
-1.125000,10.000000,0.200000,-0.710912,0.000000,1.000000
-1.125000,10.000000,0.150000,-0.711218,0.000000,1.000000
-1.375000,100.000000,0.350000,-0.558621,0.000000,1.000000
-1.375000,100.000000,0.300000,-0.569724,0.000000,1.000000
-1.125000,10.000000,0.250000,-0.712354,0.000000,1.000000
-1.125000,10.000000,0.300000,-0.709812,0.000000,1.000000
-1.375000,100.000000,0.600000,-0.502122,0.000000,1.000000
-1.375000,100.000000,0.050000,-0.624268,0.000000,1.000000
-1.125000,10.000000,0.350000,-0.708981,0.000000,1.000000
-1.375000,100.000000,0.150000,-0.603933,0.000000,1.000000
-1.125000,10.000000,0.000000,-0.714976,0.000000,1.000000
-1.125000,10.000000,0.450000,-0.708938,0.000000,1.000000
-1.125000,10.000000,0.550000,-0.705464,0.000000,1.000000
-1.125000,10.000000,0.500000,-0.706374,0.000000,1.000000
-1.125000,10.000000,0.650000,-0.703596,0.000000,1.000000
-1.125000,10.000000,0.600000,-0.701820,0.000000,1.000000
-1.125000,10.000000,0.400000,-0.705656,0.000000,1.000000
-1.125000,10.000000,0.900000,-0.696045,0.000000,1.000000
-1.125000,10.000000,0.750000,-0.701803,0.000000,1.000000
-1.375000,100.000000,0.700000,-0.479926,0.000000,1.000000
-1.375000,100.000000,0.100000,-0.605241,0.000000,1.000000
-1.125000,10.000000,0.800000,-0.700820,0.000000,1.000000
-1.375000,100.000000,1.000000,-0.414598,0.000000,1.000000
-1.375000,100.000000,0.800000,-0.456753,0.000000,1.000000
-1.375000,100.000000,0.550000,-0.513299,0.000000,1.000000
-1.125000,10.000000,0.700000,-0.699896,0.000000,1.000000
-1.125000,10.000000,0.850000,-0.699754,0.000000,1.000000
-1.375000,100.000000,0.450000,-0.534986,0.000000,1.000000
-1.375000,100.000000,0.750000,-0.469151,0.000000,1.000000
-1.375000,100.000000,0.950000,-0.425769,0.000000,1.000000
-1.125000,25.000000,0.200000,-0.700014,0.000000,1.000000
-1.375000,100.000000,0.200000,-0.592480,0.000000,1.000000
-1.125000,25.000000,0.050000,-0.708401,0.000000,1.000000
-1.375000,100.000000,0.250000,-0.578751,0.000000,1.000000
-1.375000,100.000000,0.900000,-0.436535,0.000000,1.000000
-1.375000,100.000000,0.400000,-0.545711,0.000000,1.000000
-1.125000,10.000000,0.950000,-0.697811,0.000000,1.000000
-1.375000,100.000000,0.650000,-0.494823,0.000000,1.000000
-1.125000,25.000000,0.000000,-0.710616,0.000000,1.000000
-1.125000,25.000000,0.150000,-0.704767,0.000000,1.000000
-1.375000,100.000000,0.500000,-0.524106,0.000000,1.000000
-1.375000,100.000000,0.000000,-0.632287,0.000000,1.000000
-1.375000,100.000000,0.850000,-0.447066,0.000000,1.000000
-1.125000,25.000000,0.100000,-0.705776,0.000000,1.000000
-1.125000,25.000000,0.250000,-0.695411,0.000000,1.000000
-1.125000,10.000000,1.000000,-0.694120,0.000000,1.000000
-1.125000,25.000000,0.350000,-0.689907,0.000000,1.000000
-1.125000,25.000000,0.300000,-0.689986,0.000000,1.000000
-1.125000,25.000000,0.450000,-0.684847,0.000000,1.000000
-1.125000,25.000000,0.750000,-0.670533,0.000000,1.000000
-1.125000,25.000000,0.600000,-0.678634,0.000000,1.000000
-1.125000,25.000000,0.650000,-0.677407,0.000000,1.000000
-1.125000,25.000000,0.900000,-0.663112,0.000000,1.000000
-1.125000,25.000000,0.700000,-0.675190,0.000000,1.000000
-1.125000,25.000000,0.400000,-0.692328,0.000000,1.000000
-1.125000,25.000000,0.500000,-0.684027,0.000000,1.000000
-1.125000,25.000000,0.800000,-0.667834,0.000000,1.000000
-1.125000,25.000000,0.550000,-0.683447,0.000000,1.000000
-1.125000,25.000000,1.000000,-0.657053,0.000000,1.000000
-1.125000,25.000000,0.850000,-0.665135,0.000000,1.000000
-1.125000,25.000000,0.950000,-0.660214,0.000000,1.000000
-1.125000,50.000000,0.050000,-0.699578,0.000000,1.000000
-1.125000,50.000000,0.100000,-0.694277,0.000000,1.000000
-1.125000,50.000000,0.000000,-0.704594,0.000000,1.000000
-1.125000,50.000000,0.150000,-0.695679,0.000000,1.000000
-1.125000,50.000000,0.250000,-0.679789,0.000000,1.000000
-1.125000,50.000000,0.300000,-0.674535,0.000000,1.000000
-1.125000,50.000000,0.350000,-0.673143,0.000000,1.000000
-1.125000,50.000000,0.200000,-0.686512,0.000000,1.000000
-1.125000,50.000000,0.400000,-0.662497,0.000000,1.000000
-1.125000,50.000000,0.550000,-0.647502,0.000000,1.000000
-1.125000,50.000000,0.450000,-0.659434,0.000000,1.000000
-1.125000,50.000000,0.500000,-0.654437,0.000000,1.000000
-1.125000,50.000000,0.650000,-0.635864,0.000000,1.000000
-1.125000,50.000000,0.750000,-0.627967,0.000000,1.000000
-1.125000,50.000000,0.600000,-0.644490,0.000000,1.000000
-1.125000,50.000000,0.850000,-0.618366,0.000000,1.000000
-1.125000,50.000000,0.700000,-0.638208,0.000000,1.000000
-1.125000,50.000000,1.000000,-0.604133,0.000000,1.000000
-0.875000,10.000000,0.050000,-0.778912,0.000000,1.000000
-1.125000,50.000000,0.800000,-0.623154,0.000000,1.000000
-0.875000,10.000000,0.100000,-0.776813,0.000000,1.000000
-0.875000,10.000000,0.150000,-0.775635,0.000000,1.000000
-0.875000,10.000000,0.000000,-0.779124,0.000000,1.000000
-1.125000,50.000000,0.900000,-0.614251,0.000000,1.000000
-0.875000,10.000000,0.250000,-0.775596,0.000000,1.000000
-0.875000,10.000000,0.350000,-0.774120,0.000000,1.000000
-0.875000,10.000000,0.300000,-0.772228,0.000000,1.000000
-1.125000,50.000000,0.950000,-0.609184,0.000000,1.000000
-0.875000,10.000000,0.200000,-0.775400,0.000000,1.000000
-0.875000,10.000000,0.400000,-0.772378,0.000000,1.000000
-1.125000,100.000000,0.000000,-0.699552,0.000000,1.000000
-1.125000,100.000000,0.450000,-0.611296,0.000000,1.000000
-0.875000,10.000000,0.450000,-0.769563,0.000000,1.000000
-0.875000,10.000000,0.500000,-0.769589,0.000000,1.000000
-0.875000,10.000000,0.700000,-0.768135,0.000000,1.000000
-0.875000,10.000000,0.550000,-0.768540,0.000000,1.000000
-0.875000,10.000000,0.600000,-0.768907,0.000000,1.000000
-0.875000,10.000000,0.650000,-0.768018,0.000000,1.000000
-0.875000,10.000000,0.900000,-0.756190,0.000000,1.000000
-0.875000,10.000000,0.850000,-0.762192,0.000000,1.000000
-0.875000,10.000000,0.950000,-0.760066,0.000000,1.000000
-0.875000,10.000000,0.750000,-0.762853,0.000000,1.000000
-0.875000,10.000000,0.800000,-0.763254,0.000000,1.000000
-1.125000,100.000000,0.700000,-0.567140,0.000000,1.000000
-1.125000,100.000000,0.300000,-0.644949,0.000000,1.000000
-1.125000,100.000000,1.000000,-0.509180,0.000000,1.000000
-1.125000,100.000000,0.550000,-0.591346,0.000000,1.000000
-0.875000,10.000000,1.000000,-0.759002,0.000000,1.000000
-1.125000,100.000000,0.250000,-0.651789,0.000000,1.000000
-1.125000,100.000000,0.900000,-0.528689,0.000000,1.000000
-0.875000,25.000000,0.000000,-0.770388,0.000000,1.000000
-1.125000,100.000000,0.850000,-0.533075,0.000000,1.000000
-1.125000,100.000000,0.800000,-0.542605,0.000000,1.000000
-1.125000,100.000000,0.750000,-0.555103,0.000000,1.000000
-1.125000,100.000000,0.600000,-0.582131,0.000000,1.000000
-1.125000,100.000000,0.500000,-0.601295,0.000000,1.000000
-1.125000,100.000000,0.200000,-0.662296,0.000000,1.000000
-1.125000,100.000000,0.150000,-0.670532,0.000000,1.000000
-1.125000,100.000000,0.100000,-0.680420,0.000000,1.000000
-1.125000,100.000000,0.050000,-0.690028,0.000000,1.000000
-1.125000,100.000000,0.950000,-0.518039,0.000000,1.000000
-1.125000,100.000000,0.400000,-0.625272,0.000000,1.000000
-1.125000,100.000000,0.650000,-0.575740,0.000000,1.000000
-1.125000,100.000000,0.350000,-0.635163,0.000000,1.000000
-0.875000,25.000000,0.100000,-0.770557,0.000000,1.000000
-0.875000,25.000000,0.200000,-0.761175,0.000000,1.000000
-0.875000,25.000000,0.150000,-0.769893,0.000000,1.000000
-0.875000,25.000000,0.050000,-0.772930,0.000000,1.000000
-0.875000,25.000000,0.250000,-0.764974,0.000000,1.000000
-0.875000,25.000000,0.750000,-0.738783,0.000000,1.000000
-0.875000,25.000000,0.500000,-0.751280,0.000000,1.000000
-0.875000,25.000000,0.400000,-0.757319,0.000000,1.000000
-0.875000,25.000000,0.450000,-0.753689,0.000000,1.000000
-0.875000,25.000000,0.550000,-0.748374,0.000000,1.000000
-0.875000,25.000000,0.600000,-0.745970,0.000000,1.000000
-0.875000,25.000000,0.300000,-0.760420,0.000000,1.000000
-0.875000,25.000000,0.350000,-0.760089,0.000000,1.000000
-0.875000,25.000000,0.650000,-0.744598,0.000000,1.000000
-0.875000,25.000000,0.800000,-0.736949,0.000000,1.000000
-0.875000,25.000000,0.700000,-0.741697,0.000000,1.000000
-0.875000,25.000000,0.950000,-0.731910,0.000000,1.000000
-0.875000,25.000000,0.900000,-0.732741,0.000000,1.000000
-0.875000,25.000000,0.850000,-0.736474,0.000000,1.000000
-0.875000,25.000000,1.000000,-0.727551,0.000000,1.000000
-0.875000,50.000000,0.200000,-0.752123,0.000000,1.000000
-0.875000,50.000000,0.150000,-0.760548,0.000000,1.000000
-0.875000,50.000000,0.100000,-0.762799,0.000000,1.000000
-0.875000,50.000000,0.000000,-0.770956,0.000000,1.000000
-0.875000,50.000000,0.050000,-0.767374,0.000000,1.000000
-0.875000,50.000000,0.250000,-0.748135,0.000000,1.000000
-0.875000,50.000000,0.350000,-0.743394,0.000000,1.000000
-0.875000,50.000000,0.400000,-0.742090,0.000000,1.000000
-0.875000,50.000000,0.450000,-0.729652,0.000000,1.000000
-0.875000,50.000000,0.300000,-0.744201,0.000000,1.000000
-0.875000,50.000000,0.700000,-0.711938,0.000000,1.000000
-0.875000,50.000000,0.650000,-0.714870,0.000000,1.000000
-0.875000,50.000000,0.750000,-0.705933,0.000000,1.000000
-0.875000,50.000000,0.800000,-0.704604,0.000000,1.000000
-0.875000,50.000000,0.900000,-0.695534,0.000000,1.000000
-0.875000,50.000000,0.950000,-0.688147,0.000000,1.000000
-0.875000,50.000000,0.500000,-0.723227,0.000000,1.000000
-0.875000,50.000000,0.850000,-0.700228,0.000000,1.000000
-0.875000,50.000000,0.600000,-0.722491,0.000000,1.000000
-0.875000,50.000000,0.550000,-0.723922,0.000000,1.000000
-0.625000,10.000000,0.000000,-0.841325,0.000000,1.000000
-0.625000,10.000000,0.150000,-0.838529,0.000000,1.000000
-0.625000,10.000000,0.100000,-0.840107,0.000000,1.000000
-0.625000,10.000000,0.200000,-0.838696,0.000000,1.000000
-0.625000,10.000000,0.050000,-0.840761,0.000000,1.000000
-0.625000,10.000000,0.250000,-0.838159,0.000000,1.000000
-0.875000,50.000000,1.000000,-0.683734,0.000000,1.000000
-0.875000,100.000000,0.050000,-0.757959,0.000000,1.000000
-0.625000,10.000000,0.300000,-0.836787,0.000000,1.000000
-0.625000,10.000000,0.450000,-0.835835,0.000000,1.000000
-0.625000,10.000000,0.500000,-0.832631,0.000000,1.000000
-0.625000,10.000000,0.550000,-0.834296,0.000000,1.000000
-0.625000,10.000000,0.400000,-0.834485,0.000000,1.000000
-0.625000,10.000000,0.350000,-0.837548,0.000000,1.000000
-0.625000,10.000000,0.650000,-0.832650,0.000000,1.000000
-0.625000,10.000000,0.800000,-0.827065,0.000000,1.000000
-0.625000,10.000000,0.850000,-0.826138,0.000000,1.000000
-0.625000,10.000000,0.600000,-0.833474,0.000000,1.000000
-0.875000,100.000000,0.150000,-0.739715,0.000000,1.000000
-0.875000,100.000000,0.350000,-0.710803,0.000000,1.000000
-0.875000,100.000000,0.200000,-0.732330,0.000000,1.000000
-0.875000,100.000000,0.400000,-0.701083,0.000000,1.000000
-0.875000,100.000000,0.600000,-0.667788,0.000000,1.000000
-0.875000,100.000000,0.700000,-0.645775,0.000000,1.000000
-0.875000,100.000000,0.450000,-0.691955,0.000000,1.000000
-0.875000,100.000000,0.300000,-0.720312,0.000000,1.000000
-0.875000,100.000000,0.100000,-0.751870,0.000000,1.000000
-0.625000,10.000000,0.750000,-0.830509,0.000000,1.000000
-0.875000,100.000000,0.500000,-0.680511,0.000000,1.000000
-0.875000,100.000000,0.000000,-0.763716,0.000000,1.000000
-0.875000,100.000000,0.750000,-0.640383,0.000000,1.000000
-0.625000,10.000000,0.900000,-0.825940,0.000000,1.000000
-0.875000,100.000000,0.650000,-0.658000,0.000000,1.000000
-0.875000,100.000000,0.550000,-0.671741,0.000000,1.000000
-0.625000,10.000000,0.950000,-0.823557,0.000000,1.000000
-0.875000,100.000000,0.850000,-0.620398,0.000000,1.000000
-0.875000,100.000000,0.900000,-0.619250,0.000000,1.000000
-0.625000,10.000000,0.700000,-0.830638,0.000000,1.000000
-0.875000,100.000000,0.950000,-0.602674,0.000000,1.000000
-0.875000,100.000000,0.250000,-0.724044,0.000000,1.000000
-0.875000,100.000000,0.800000,-0.632386,0.000000,1.000000
-0.625000,10.000000,1.000000,-0.826451,0.000000,1.000000
-0.875000,100.000000,1.000000,-0.597728,0.000000,1.000000
-0.625000,25.000000,0.000000,-0.839476,0.000000,1.000000
-0.625000,25.000000,0.100000,-0.835963,0.000000,1.000000
-0.625000,25.000000,0.150000,-0.834084,0.000000,1.000000
-0.625000,25.000000,0.050000,-0.837662,0.000000,1.000000
-0.625000,25.000000,0.400000,-0.824145,0.000000,1.000000
-0.625000,25.000000,0.300000,-0.828513,0.000000,1.000000
-0.625000,25.000000,0.200000,-0.831399,0.000000,1.000000
-0.625000,25.000000,0.450000,-0.822791,0.000000,1.000000
-0.625000,25.000000,0.250000,-0.830758,0.000000,1.000000
-0.625000,25.000000,0.550000,-0.815816,0.000000,1.000000
-0.625000,25.000000,0.500000,-0.819935,0.000000,1.000000
-0.625000,25.000000,0.350000,-0.826007,0.000000,1.000000
-0.625000,25.000000,0.600000,-0.815755,0.000000,1.000000
-0.625000,25.000000,0.650000,-0.813673,0.000000,1.000000
-0.625000,25.000000,0.700000,-0.810108,0.000000,1.000000
-0.625000,25.000000,0.800000,-0.807476,0.000000,1.000000
-0.625000,25.000000,0.750000,-0.809721,0.000000,1.000000
-0.625000,25.000000,0.850000,-0.807606,0.000000,1.000000
-0.625000,25.000000,0.950000,-0.801625,0.000000,1.000000
-0.625000,25.000000,0.900000,-0.802005,0.000000,1.000000
-0.625000,25.000000,1.000000,-0.799745,0.000000,1.000000
-0.625000,50.000000,0.150000,-0.825304,0.000000,1.000000
-0.625000,50.000000,0.000000,-0.834801,0.000000,1.000000
-0.625000,50.000000,0.050000,-0.831955,0.000000,1.000000
-0.625000,50.000000,0.100000,-0.830470,0.000000,1.000000
-0.625000,50.000000,0.200000,-0.823870,0.000000,1.000000
-0.625000,50.000000,0.350000,-0.811184,0.000000,1.000000
-0.625000,50.000000,0.250000,-0.820542,0.000000,1.000000
-0.625000,50.000000,0.400000,-0.807683,0.000000,1.000000
-0.625000,50.000000,0.300000,-0.814063,0.000000,1.000000
-0.625000,50.000000,0.450000,-0.801653,0.000000,1.000000
-0.625000,50.000000,0.500000,-0.799423,0.000000,1.000000
-0.625000,50.000000,0.550000,-0.795064,0.000000,1.000000
-0.625000,50.000000,0.850000,-0.770363,0.000000,1.000000
-0.625000,50.000000,0.700000,-0.782581,0.000000,1.000000
-0.625000,50.000000,0.600000,-0.791136,0.000000,1.000000
-0.625000,50.000000,1.000000,-0.760170,0.000000,1.000000
-0.625000,50.000000,0.900000,-0.768083,0.000000,1.000000
-0.625000,50.000000,0.750000,-0.779050,0.000000,1.000000
-0.625000,50.000000,0.950000,-0.767333,0.000000,1.000000
-0.625000,50.000000,0.800000,-0.775075,0.000000,1.000000
-0.375000,10.000000,0.000000,-0.905146,0.000000,1.000000
-0.375000,10.000000,0.050000,-0.904033,0.000000,1.000000
-0.625000,50.000000,0.650000,-0.786710,0.000000,1.000000
-0.375000,10.000000,0.100000,-0.903827,0.000000,1.000000
-0.375000,10.000000,0.200000,-0.902577,0.000000,1.000000
-0.375000,10.000000,0.150000,-0.902481,0.000000,1.000000
-0.375000,10.000000,0.300000,-0.901389,0.000000,1.000000
-0.375000,10.000000,0.250000,-0.901843,0.000000,1.000000
-0.625000,100.000000,0.100000,-0.820610,0.000000,1.000000
-0.375000,10.000000,0.400000,-0.899520,0.000000,1.000000
-0.625000,100.000000,0.250000,-0.799123,0.000000,1.000000
-0.375000,10.000000,0.450000,-0.898893,0.000000,1.000000
-0.375000,10.000000,0.350000,-0.901066,0.000000,1.000000
-0.625000,100.000000,0.150000,-0.812435,0.000000,1.000000
-0.375000,10.000000,0.500000,-0.897498,0.000000,1.000000
-0.625000,100.000000,0.600000,-0.746450,0.000000,1.000000
-0.375000,10.000000,0.600000,-0.897583,0.000000,1.000000
-0.375000,10.000000,0.650000,-0.892985,0.000000,1.000000
-0.375000,10.000000,0.550000,-0.898066,0.000000,1.000000
-0.375000,10.000000,0.700000,-0.892121,0.000000,1.000000
-0.375000,10.000000,0.950000,-0.893735,0.000000,1.000000
-0.375000,10.000000,0.750000,-0.893409,0.000000,1.000000
-0.625000,100.000000,0.900000,-0.702025,0.000000,1.000000
-0.375000,10.000000,1.000000,-0.889297,0.000000,1.000000
-0.375000,10.000000,0.850000,-0.891902,0.000000,1.000000
-0.625000,100.000000,1.000000,-0.688536,0.000000,1.000000
-0.375000,10.000000,0.900000,-0.892458,0.000000,1.000000
-0.375000,10.000000,0.800000,-0.890354,0.000000,1.000000
-0.625000,100.000000,0.350000,-0.784480,0.000000,1.000000
-0.625000,100.000000,0.300000,-0.791374,0.000000,1.000000
-0.625000,100.000000,0.200000,-0.807109,0.000000,1.000000
-0.625000,100.000000,0.750000,-0.719681,0.000000,1.000000
-0.625000,100.000000,0.550000,-0.756392,0.000000,1.000000
-0.625000,100.000000,0.650000,-0.738658,0.000000,1.000000
-0.625000,100.000000,0.950000,-0.693641,0.000000,1.000000
-0.625000,100.000000,0.700000,-0.731317,0.000000,1.000000
-0.625000,100.000000,0.000000,-0.832060,0.000000,1.000000
-0.625000,100.000000,0.850000,-0.708175,0.000000,1.000000
-0.625000,100.000000,0.500000,-0.757089,0.000000,1.000000
-0.625000,100.000000,0.050000,-0.826451,0.000000,1.000000
-0.625000,100.000000,0.800000,-0.717078,0.000000,1.000000
-0.625000,100.000000,0.400000,-0.776965,0.000000,1.000000
-0.625000,100.000000,0.450000,-0.764540,0.000000,1.000000
-0.375000,25.000000,0.100000,-0.900633,0.000000,1.000000
-0.375000,25.000000,0.150000,-0.898653,0.000000,1.000000
-0.375000,25.000000,0.050000,-0.900117,0.000000,1.000000
-0.375000,25.000000,0.350000,-0.890112,0.000000,1.000000
-0.375000,25.000000,0.250000,-0.893921,0.000000,1.000000
-0.375000,25.000000,0.300000,-0.893359,0.000000,1.000000
-0.375000,25.000000,0.200000,-0.895820,0.000000,1.000000
-0.375000,25.000000,0.000000,-0.902430,0.000000,1.000000
-0.375000,25.000000,0.550000,-0.882150,0.000000,1.000000
-0.375000,25.000000,0.450000,-0.886880,0.000000,1.000000
-0.375000,25.000000,0.600000,-0.883040,0.000000,1.000000
-0.375000,25.000000,0.500000,-0.883959,0.000000,1.000000
-0.375000,25.000000,0.650000,-0.881335,0.000000,1.000000
-0.375000,25.000000,0.400000,-0.889706,0.000000,1.000000
-0.375000,25.000000,0.800000,-0.872999,0.000000,1.000000
-0.375000,25.000000,0.700000,-0.879632,0.000000,1.000000
-0.375000,25.000000,1.000000,-0.863338,0.000000,1.000000
-0.375000,25.000000,0.900000,-0.867545,0.000000,1.000000
-0.375000,25.000000,0.950000,-0.870801,0.000000,1.000000
-0.375000,25.000000,0.850000,-0.871088,0.000000,1.000000
-0.375000,25.000000,0.750000,-0.873841,0.000000,1.000000
-0.375000,50.000000,0.000000,-0.901241,0.000000,1.000000
-0.375000,50.000000,0.100000,-0.895324,0.000000,1.000000
-0.375000,50.000000,0.050000,-0.898855,0.000000,1.000000
-0.375000,50.000000,0.300000,-0.883171,0.000000,1.000000
-0.375000,50.000000,0.250000,-0.883171,0.000000,1.000000
-0.375000,50.000000,0.200000,-0.889841,0.000000,1.000000
-0.375000,50.000000,0.150000,-0.892431,0.000000,1.000000
-0.375000,50.000000,0.700000,-0.854213,0.000000,1.000000
-0.375000,50.000000,0.350000,-0.878565,0.000000,1.000000
-0.375000,50.000000,0.550000,-0.862161,0.000000,1.000000
-0.375000,50.000000,0.750000,-0.854528,0.000000,1.000000
-0.375000,50.000000,0.800000,-0.846970,0.000000,1.000000
-0.375000,50.000000,0.900000,-0.841444,0.000000,1.000000
-0.375000,50.000000,0.850000,-0.845407,0.000000,1.000000
-0.375000,50.000000,0.950000,-0.838505,0.000000,1.000000
-0.375000,50.000000,0.600000,-0.861422,0.000000,1.000000
-0.375000,50.000000,1.000000,-0.838021,0.000000,1.000000
-0.375000,50.000000,0.400000,-0.876824,0.000000,1.000000
-0.375000,50.000000,0.450000,-0.871565,0.000000,1.000000
-0.125000,10.000000,0.000000,-0.967149,0.000000,1.000000
-0.375000,50.000000,0.500000,-0.869944,0.000000,1.000000
-0.375000,100.000000,0.000000,-0.897856,0.000000,1.000000
-0.375000,50.000000,0.650000,-0.860362,0.000000,1.000000
-0.125000,10.000000,0.050000,-0.966822,0.000000,1.000000
-0.125000,10.000000,0.150000,-0.965342,0.000000,1.000000
-0.125000,10.000000,0.100000,-0.965842,0.000000,1.000000
-0.375000,100.000000,0.050000,-0.891090,0.000000,1.000000
-0.125000,10.000000,0.250000,-0.964350,0.000000,1.000000
-0.375000,100.000000,0.300000,-0.862443,0.000000,1.000000
-0.375000,100.000000,0.200000,-0.875106,0.000000,1.000000
-0.125000,10.000000,0.200000,-0.964948,0.000000,1.000000
-0.125000,10.000000,0.300000,-0.964926,0.000000,1.000000
-0.375000,100.000000,0.500000,-0.837599,0.000000,1.000000
-0.125000,10.000000,0.400000,-0.961242,0.000000,1.000000
-0.375000,100.000000,0.100000,-0.886293,0.000000,1.000000
-0.375000,100.000000,0.550000,-0.829132,0.000000,1.000000
-0.125000,10.000000,0.500000,-0.960384,0.000000,1.000000
-0.125000,10.000000,0.450000,-0.961383,0.000000,1.000000
-0.125000,10.000000,0.550000,-0.959543,0.000000,1.000000
-0.375000,100.000000,0.400000,-0.849406,0.000000,1.000000
-0.125000,10.000000,0.600000,-0.960031,0.000000,1.000000
-0.125000,10.000000,1.000000,-0.956700,0.000000,1.000000
-0.375000,100.000000,0.450000,-0.843154,0.000000,1.000000
-0.125000,10.000000,0.750000,-0.959637,0.000000,1.000000
-0.125000,10.000000,0.700000,-0.961081,0.000000,1.000000
-0.125000,10.000000,0.350000,-0.963145,0.000000,1.000000
-0.125000,10.000000,0.650000,-0.958047,0.000000,1.000000
-0.125000,10.000000,0.900000,-0.954970,0.000000,1.000000
-0.375000,100.000000,0.250000,-0.868530,0.000000,1.000000
-0.125000,10.000000,0.800000,-0.955792,0.000000,1.000000
-0.125000,10.000000,0.950000,-0.957958,0.000000,1.000000
-0.375000,100.000000,0.800000,-0.797624,0.000000,1.000000
-0.375000,100.000000,0.700000,-0.810658,0.000000,1.000000
-0.125000,25.000000,0.150000,-0.961712,0.000000,1.000000
-0.375000,100.000000,0.850000,-0.795984,0.000000,1.000000
-0.375000,100.000000,0.350000,-0.853920,0.000000,1.000000
-0.375000,100.000000,0.950000,-0.780757,0.000000,1.000000
-0.375000,100.000000,1.000000,-0.777659,0.000000,1.000000
-0.375000,100.000000,0.600000,-0.825149,0.000000,1.000000
-0.375000,100.000000,0.150000,-0.880355,0.000000,1.000000
-0.375000,100.000000,0.650000,-0.819729,0.000000,1.000000
-0.375000,100.000000,0.900000,-0.788086,0.000000,1.000000
-0.375000,100.000000,0.750000,-0.805835,0.000000,1.000000
-0.125000,10.000000,0.850000,-0.955679,0.000000,1.000000
-0.125000,25.000000,0.100000,-0.963136,0.000000,1.000000
-0.125000,25.000000,0.000000,-0.965888,0.000000,1.000000
-0.125000,25.000000,0.300000,-0.956876,0.000000,1.000000
-0.125000,25.000000,0.250000,-0.957795,0.000000,1.000000
-0.125000,25.000000,0.050000,-0.963407,0.000000,1.000000
-0.125000,25.000000,0.200000,-0.960029,0.000000,1.000000
-0.125000,25.000000,0.500000,-0.948785,0.000000,1.000000
-0.125000,25.000000,0.850000,-0.941680,0.000000,1.000000
-0.125000,25.000000,0.350000,-0.954644,0.000000,1.000000
-0.125000,25.000000,0.750000,-0.942826,0.000000,1.000000
-0.125000,25.000000,0.400000,-0.953584,0.000000,1.000000
-0.125000,25.000000,1.000000,-0.935157,0.000000,1.000000
-0.125000,25.000000,0.800000,-0.940428,0.000000,1.000000
-0.125000,25.000000,0.600000,-0.946881,0.000000,1.000000
-0.125000,25.000000,0.900000,-0.937914,0.000000,1.000000
-0.125000,25.000000,0.650000,-0.945323,0.000000,1.000000
-0.125000,25.000000,0.550000,-0.948929,0.000000,1.000000
-0.125000,25.000000,0.950000,-0.936207,0.000000,1.000000
-0.125000,50.000000,1.000000,-0.908080,0.000000,1.000000
-0.125000,25.000000,0.450000,-0.952667,0.000000,1.000000
-0.125000,25.000000,0.700000,-0.944467,0.000000,1.000000
-0.125000,50.000000,0.000000,-0.963525,0.000000,1.000000
-0.125000,50.000000,0.100000,-0.957811,0.000000,1.000000
-0.125000,50.000000,0.300000,-0.948700,0.000000,1.000000
-0.125000,50.000000,0.200000,-0.954232,0.000000,1.000000
-0.125000,50.000000,0.150000,-0.956917,0.000000,1.000000
-0.125000,50.000000,0.400000,-0.942063,0.000000,1.000000
-0.125000,50.000000,0.050000,-0.962192,0.000000,1.000000
-0.125000,50.000000,0.250000,-0.950725,0.000000,1.000000
-0.125000,50.000000,0.450000,-0.937338,0.000000,1.000000
-0.125000,50.000000,0.900000,-0.910942,0.000000,1.000000
-0.125000,50.000000,0.350000,-0.943308,0.000000,1.000000
-0.125000,50.000000,0.600000,-0.929762,0.000000,1.000000
-0.125000,50.000000,0.550000,-0.933536,0.000000,1.000000
-0.125000,50.000000,0.500000,-0.934251,0.000000,1.000000
-0.125000,50.000000,0.700000,-0.923030,0.000000,1.000000
-0.125000,50.000000,0.650000,-0.926708,0.000000,1.000000
-0.125000,50.000000,0.850000,-0.916413,0.000000,1.000000
-0.125000,50.000000,0.800000,-0.920306,0.000000,1.000000
-0.125000,50.000000,0.750000,-0.918941,0.000000,1.000000
0.125000,10.000000,0.000000,-1.029953,0.000000,1.000000
0.125000,10.000000,0.100000,-1.027722,0.000000,1.000000
0.125000,10.000000,0.050000,-1.028591,0.000000,1.000000
-0.125000,100.000000,0.100000,-0.950881,0.000000,1.000000
0.125000,10.000000,0.150000,-1.028436,0.000000,1.000000
-0.125000,50.000000,0.950000,-0.906790,0.000000,1.000000
-0.125000,100.000000,0.300000,-0.930691,0.000000,1.000000
0.125000,10.000000,0.300000,-1.026437,0.000000,1.000000
0.125000,10.000000,0.250000,-1.026918,0.000000,1.000000
0.125000,10.000000,0.500000,-1.024638,0.000000,1.000000
0.125000,10.000000,0.600000,-1.022050,0.000000,1.000000
0.125000,10.000000,0.450000,-1.025219,0.000000,1.000000
0.125000,10.000000,0.200000,-1.027689,0.000000,1.000000
0.125000,10.000000,0.350000,-1.026095,0.000000,1.000000
0.125000,10.000000,0.400000,-1.025284,0.000000,1.000000
-0.125000,100.000000,0.550000,-0.906506,0.000000,1.000000
0.125000,10.000000,0.550000,-1.024225,0.000000,1.000000
0.125000,10.000000,1.000000,-1.013110,0.000000,1.000000
0.125000,10.000000,0.650000,-1.021115,0.000000,1.000000
-0.125000,100.000000,0.200000,-0.941177,0.000000,1.000000
-0.125000,100.000000,0.000000,-0.961451,0.000000,1.000000
-0.125000,100.000000,0.250000,-0.934598,0.000000,1.000000
0.125000,10.000000,0.700000,-1.022439,0.000000,1.000000
-0.125000,100.000000,0.400000,-0.917034,0.000000,1.000000
-0.125000,100.000000,0.350000,-0.926316,0.000000,1.000000
-0.125000,100.000000,0.050000,-0.957297,0.000000,1.000000
0.125000,10.000000,0.900000,-1.014972,0.000000,1.000000
0.125000,10.000000,0.800000,-1.016522,0.000000,1.000000
-0.125000,100.000000,0.850000,-0.872932,0.000000,1.000000
-0.125000,100.000000,0.700000,-0.891589,0.000000,1.000000
0.125000,10.000000,0.850000,-1.018226,0.000000,1.000000
-0.125000,100.000000,0.150000,-0.946816,0.000000,1.000000
-0.125000,100.000000,0.650000,-0.893035,0.000000,1.000000
-0.125000,100.000000,1.000000,-0.856661,0.000000,1.000000
0.125000,10.000000,0.950000,-1.020233,0.000000,1.000000
-0.125000,100.000000,0.750000,-0.881130,0.000000,1.000000
-0.125000,100.000000,0.500000,-0.909931,0.000000,1.000000
-0.125000,100.000000,0.900000,-0.866912,0.000000,1.000000
-0.125000,100.000000,0.950000,-0.863956,0.000000,1.000000
-0.125000,100.000000,0.600000,-0.899447,0.000000,1.000000
-0.125000,100.000000,0.450000,-0.915645,0.000000,1.000000
0.125000,10.000000,0.750000,-1.021728,0.000000,1.000000
-0.125000,100.000000,0.800000,-0.878193,0.000000,1.000000
0.125000,25.000000,0.000000,-1.028285,0.000000,1.000000
0.125000,25.000000,0.050000,-1.027518,0.000000,1.000000
0.125000,25.000000,0.100000,-1.024908,0.000000,1.000000
0.125000,25.000000,0.150000,-1.023436,0.000000,1.000000
0.125000,25.000000,1.000000,-0.998184,0.000000,1.000000
0.125000,25.000000,0.350000,-1.018504,0.000000,1.000000
0.125000,25.000000,0.700000,-1.007575,0.000000,1.000000
0.125000,25.000000,0.400000,-1.018549,0.000000,1.000000
0.125000,25.000000,0.200000,-1.023292,0.000000,1.000000
0.125000,25.000000,0.250000,-1.020164,0.000000,1.000000
0.125000,25.000000,0.450000,-1.015130,0.000000,1.000000
0.125000,25.000000,0.300000,-1.020445,0.000000,1.000000
0.125000,25.000000,0.600000,-1.010177,0.000000,1.000000
0.125000,25.000000,0.550000,-1.014647,0.000000,1.000000
0.125000,25.000000,0.650000,-1.012251,0.000000,1.000000
0.125000,25.000000,0.850000,-1.006457,0.000000,1.000000
0.125000,25.000000,0.750000,-1.005795,0.000000,1.000000
0.125000,25.000000,0.950000,-0.997229,0.000000,1.000000
0.125000,25.000000,0.500000,-1.013112,0.000000,1.000000
0.125000,25.000000,0.900000,-1.003826,0.000000,1.000000
0.125000,25.000000,0.800000,-1.008207,0.000000,1.000000
0.125000,50.000000,0.000000,-1.027122,0.000000,1.000000
0.125000,50.000000,0.100000,-1.022398,0.000000,1.000000
0.125000,50.000000,0.050000,-1.025275,0.000000,1.000000
0.125000,50.000000,0.150000,-1.019995,0.000000,1.000000
0.125000,50.000000,1.000000,-0.971459,0.000000,1.000000
0.125000,50.000000,0.250000,-1.012016,0.000000,1.000000
0.125000,50.000000,0.500000,-1.001890,0.000000,1.000000
0.125000,50.000000,0.550000,-0.998443,0.000000,1.000000
0.125000,50.000000,0.450000,-1.002942,0.000000,1.000000
0.125000,50.000000,0.800000,-0.987595,0.000000,1.000000
0.125000,50.000000,0.300000,-1.011121,0.000000,1.000000
0.125000,50.000000,0.900000,-0.977041,0.000000,1.000000
0.125000,50.000000,0.650000,-0.985708,0.000000,1.000000
0.125000,50.000000,0.850000,-0.986051,0.000000,1.000000
0.125000,50.000000,0.200000,-1.016535,0.000000,1.000000
0.125000,50.000000,0.750000,-0.983048,0.000000,1.000000
0.125000,50.000000,0.700000,-0.992842,0.000000,1.000000
0.125000,50.000000,0.600000,-0.988931,0.000000,1.000000
0.125000,50.000000,0.400000,-1.005394,0.000000,1.000000
0.125000,50.000000,0.350000,-1.010095,0.000000,1.000000
0.125000,50.000000,0.950000,-0.975836,0.000000,1.000000
0.125000,100.000000,1.000000,-0.933266,0.000000,1.000000
0.375000,10.000000,0.000000,-1.092212,0.000000,1.000000
0.375000,10.000000,0.050000,-1.091621,0.000000,1.000000
0.125000,100.000000,0.000000,-1.024652,0.000000,1.000000
0.375000,10.000000,0.100000,-1.090834,0.000000,1.000000
0.375000,10.000000,0.150000,-1.090465,0.000000,1.000000
0.125000,100.000000,0.350000,-0.994491,0.000000,1.000000
0.375000,10.000000,0.250000,-1.089261,0.000000,1.000000
0.375000,10.000000,0.300000,-1.086667,0.000000,1.000000
0.125000,100.000000,0.450000,-0.980060,0.000000,1.000000
0.375000,10.000000,0.350000,-1.085925,0.000000,1.000000
0.375000,10.000000,0.500000,-1.086124,0.000000,1.000000
0.375000,10.000000,0.550000,-1.086566,0.000000,1.000000
0.375000,10.000000,0.750000,-1.085201,0.000000,1.000000
0.375000,10.000000,0.450000,-1.087876,0.000000,1.000000
0.375000,10.000000,0.200000,-1.089979,0.000000,1.000000
0.375000,10.000000,0.600000,-1.084162,0.000000,1.000000
0.375000,10.000000,0.800000,-1.082475,0.000000,1.000000
0.125000,100.000000,0.100000,-1.015317,0.000000,1.000000
0.375000,10.000000,0.400000,-1.087354,0.000000,1.000000
0.125000,100.000000,0.250000,-1.002962,0.000000,1.000000
0.125000,100.000000,0.550000,-0.975192,0.000000,1.000000
0.375000,10.000000,0.850000,-1.083671,0.000000,1.000000
0.125000,100.000000,0.200000,-1.006049,0.000000,1.000000
0.125000,100.000000,0.150000,-1.010636,0.000000,1.000000
0.125000,100.000000,0.600000,-0.972515,0.000000,1.000000
0.125000,100.000000,0.400000,-0.988017,0.000000,1.000000
0.375000,10.000000,0.700000,-1.084011,0.000000,1.000000
0.125000,100.000000,0.500000,-0.969332,0.000000,1.000000
0.125000,100.000000,0.800000,-0.954584,0.000000,1.000000
0.125000,100.000000,0.300000,-0.998472,0.000000,1.000000
0.125000,100.000000,0.700000,-0.960048,0.000000,1.000000
0.125000,100.000000,0.050000,-1.020823,0.000000,1.000000
0.125000,100.000000,0.950000,-0.941903,0.000000,1.000000
0.375000,10.000000,1.000000,-1.079535,0.000000,1.000000
0.375000,10.000000,0.650000,-1.085608,0.000000,1.000000
0.125000,100.000000,0.750000,-0.954396,0.000000,1.000000
0.375000,25.000000,0.100000,-1.087328,0.000000,1.000000
0.125000,100.000000,0.850000,-0.944808,0.000000,1.000000
0.375000,10.000000,0.950000,-1.082704,0.000000,1.000000
0.375000,25.000000,0.050000,-1.088989,0.000000,1.000000
0.375000,25.000000,0.000000,-1.090390,0.000000,1.000000
0.125000,100.000000,0.650000,-0.963930,0.000000,1.000000
0.125000,100.000000,0.900000,-0.941889,0.000000,1.000000
0.375000,25.000000,0.200000,-1.087001,0.000000,1.000000
0.375000,25.000000,0.150000,-1.086706,0.000000,1.000000
0.375000,10.000000,0.900000,-1.081746,0.000000,1.000000
0.375000,25.000000,0.450000,-1.075919,0.000000,1.000000
0.375000,25.000000,0.400000,-1.082528,0.000000,1.000000
0.375000,25.000000,0.250000,-1.085945,0.000000,1.000000
0.375000,25.000000,0.300000,-1.085714,0.000000,1.000000
0.375000,25.000000,0.650000,-1.079043,0.000000,1.000000
0.375000,25.000000,0.550000,-1.073834,0.000000,1.000000
0.375000,25.000000,0.750000,-1.068256,0.000000,1.000000
0.375000,25.000000,0.600000,-1.078464,0.000000,1.000000
0.375000,25.000000,0.350000,-1.082628,0.000000,1.000000
0.375000,25.000000,0.900000,-1.074231,0.000000,1.000000
0.375000,25.000000,0.800000,-1.071473,0.000000,1.000000
0.375000,25.000000,0.500000,-1.075398,0.000000,1.000000
0.375000,25.000000,1.000000,-1.057832,0.000000,1.000000
0.375000,25.000000,0.850000,-1.062657,0.000000,1.000000
0.375000,25.000000,0.700000,-1.074089,0.000000,1.000000
0.375000,50.000000,0.000000,-1.088969,0.000000,1.000000
0.375000,25.000000,0.950000,-1.066666,0.000000,1.000000
0.375000,50.000000,0.100000,-1.085102,0.000000,1.000000
0.375000,50.000000,0.550000,-1.065614,0.000000,1.000000
0.375000,50.000000,0.150000,-1.081567,0.000000,1.000000
0.375000,50.000000,0.200000,-1.078726,0.000000,1.000000
0.375000,50.000000,0.800000,-1.047469,0.000000,1.000000
0.375000,50.000000,0.750000,-1.054345,0.000000,1.000000
0.375000,50.000000,0.850000,-1.052466,0.000000,1.000000
0.375000,50.000000,0.500000,-1.062617,0.000000,1.000000
0.375000,50.000000,0.250000,-1.077739,0.000000,1.000000
0.375000,50.000000,0.350000,-1.071989,0.000000,1.000000
0.375000,50.000000,0.050000,-1.086492,0.000000,1.000000
0.375000,50.000000,0.450000,-1.070042,0.000000,1.000000
0.375000,50.000000,0.900000,-1.050936,0.000000,1.000000
0.375000,50.000000,0.300000,-1.072794,0.000000,1.000000
0.375000,50.000000,0.600000,-1.057585,0.000000,1.000000
0.375000,50.000000,0.700000,-1.058442,0.000000,1.000000
0.375000,50.000000,1.000000,-1.045124,0.000000,1.000000
0.375000,50.000000,0.650000,-1.055938,0.000000,1.000000
0.625000,10.000000,0.000000,-1.154468,0.000000,1.000000
0.375000,50.000000,0.400000,-1.073791,0.000000,1.000000
0.625000,10.000000,0.100000,-1.153632,0.000000,1.000000
0.625000,10.000000,0.150000,-1.152161,0.000000,1.000000
0.375000,50.000000,0.950000,-1.041194,0.000000,1.000000
0.625000,10.000000,0.050000,-1.152811,0.000000,1.000000
0.375000,100.000000,0.050000,-1.082576,0.000000,1.000000
0.625000,10.000000,0.200000,-1.150236,0.000000,1.000000
0.625000,10.000000,0.250000,-1.152664,0.000000,1.000000
0.375000,100.000000,0.000000,-1.086490,0.000000,1.000000
0.625000,10.000000,0.300000,-1.150741,0.000000,1.000000
0.625000,10.000000,0.350000,-1.151168,0.000000,1.000000
0.375000,100.000000,0.150000,-1.071153,0.000000,1.000000
0.375000,100.000000,0.300000,-1.062592,0.000000,1.000000
0.625000,10.000000,0.450000,-1.149542,0.000000,1.000000
0.625000,10.000000,0.500000,-1.149702,0.000000,1.000000
0.625000,10.000000,0.400000,-1.149295,0.000000,1.000000
0.625000,10.000000,0.650000,-1.146415,0.000000,1.000000
0.625000,10.000000,0.850000,-1.139417,0.000000,1.000000
0.625000,10.000000,0.750000,-1.147423,0.000000,1.000000
0.625000,10.000000,0.550000,-1.147568,0.000000,1.000000
0.625000,10.000000,0.700000,-1.147970,0.000000,1.000000
0.625000,10.000000,0.600000,-1.146781,0.000000,1.000000
0.375000,100.000000,0.250000,-1.066585,0.000000,1.000000
0.625000,10.000000,0.950000,-1.148534,0.000000,1.000000
0.375000,100.000000,0.200000,-1.066408,0.000000,1.000000
0.375000,100.000000,0.550000,-1.043889,0.000000,1.000000
0.625000,10.000000,0.800000,-1.149665,0.000000,1.000000
0.625000,25.000000,0.000000,-1.151777,0.000000,1.000000
0.375000,100.000000,0.100000,-1.078730,0.000000,1.000000
0.375000,100.000000,0.650000,-1.034754,0.000000,1.000000
0.375000,100.000000,0.450000,-1.052322,0.000000,1.000000
0.375000,100.000000,0.350000,-1.054547,0.000000,1.000000
0.375000,100.000000,0.850000,-1.011941,0.000000,1.000000
0.375000,100.000000,0.500000,-1.046892,0.000000,1.000000
0.375000,100.000000,0.700000,-1.024662,0.000000,1.000000
0.375000,100.000000,1.000000,-1.005219,0.000000,1.000000
0.375000,100.000000,0.600000,-1.032852,0.000000,1.000000
0.375000,100.000000,0.800000,-1.025297,0.000000,1.000000
0.375000,100.000000,0.900000,-1.016774,0.000000,1.000000
0.375000,100.000000,0.750000,-1.022498,0.000000,1.000000
0.625000,10.000000,0.900000,-1.148887,0.000000,1.000000
0.375000,100.000000,0.950000,-1.005732,0.000000,1.000000
0.375000,100.000000,0.400000,-1.054579,0.000000,1.000000
0.625000,10.000000,1.000000,-1.147825,0.000000,1.000000
0.625000,25.000000,0.050000,-1.151481,0.000000,1.000000
0.625000,25.000000,0.350000,-1.145127,0.000000,1.000000
0.625000,25.000000,0.200000,-1.148469,0.000000,1.000000
0.625000,25.000000,0.400000,-1.142661,0.000000,1.000000
0.625000,25.000000,0.800000,-1.129214,0.000000,1.000000
0.625000,25.000000,0.300000,-1.144885,0.000000,1.000000
0.625000,25.000000,0.450000,-1.141407,0.000000,1.000000
0.625000,25.000000,0.700000,-1.137756,0.000000,1.000000
0.625000,25.000000,0.150000,-1.148951,0.000000,1.000000
0.625000,25.000000,0.100000,-1.149756,0.000000,1.000000
0.625000,25.000000,0.600000,-1.136064,0.000000,1.000000
0.625000,25.000000,0.550000,-1.140698,0.000000,1.000000
0.625000,25.000000,0.750000,-1.134495,0.000000,1.000000
0.625000,25.000000,0.500000,-1.140979,0.000000,1.000000
0.625000,25.000000,0.950000,-1.123708,0.000000,1.000000
0.625000,25.000000,0.850000,-1.136784,0.000000,1.000000
0.625000,25.000000,0.250000,-1.147650,0.000000,1.000000
0.625000,25.000000,0.900000,-1.132326,0.000000,1.000000
0.625000,25.000000,1.000000,-1.130882,0.000000,1.000000
0.625000,50.000000,0.050000,-1.148546,0.000000,1.000000
0.625000,25.000000,0.650000,-1.137851,0.000000,1.000000
0.625000,50.000000,0.450000,-1.123301,0.000000,1.000000
0.625000,50.000000,0.100000,-1.146846,0.000000,1.000000
0.625000,50.000000,0.000000,-1.149767,0.000000,1.000000
0.625000,50.000000,0.150000,-1.143508,0.000000,1.000000
0.625000,50.000000,0.250000,-1.139342,0.000000,1.000000
0.625000,50.000000,0.550000,-1.132258,0.000000,1.000000
0.625000,50.000000,0.350000,-1.134700,0.000000,1.000000
0.625000,50.000000,0.200000,-1.140158,0.000000,1.000000
0.625000,50.000000,0.600000,-1.124765,0.000000,1.000000
0.625000,50.000000,0.300000,-1.136123,0.000000,1.000000
0.625000,50.000000,1.000000,-1.121478,0.000000,1.000000
0.625000,50.000000,0.800000,-1.121098,0.000000,1.000000
0.625000,50.000000,0.500000,-1.134914,0.000000,1.000000
0.625000,50.000000,0.900000,-1.116807,0.000000,1.000000
0.625000,50.000000,0.650000,-1.123259,0.000000,1.000000
0.625000,50.000000,0.750000,-1.122912,0.000000,1.000000
0.625000,50.000000,0.400000,-1.134545,0.000000,1.000000
0.625000,50.000000,0.700000,-1.124187,0.000000,1.000000
0.875000,10.000000,0.000000,-1.215193,0.000000,1.000000
0.875000,10.000000,0.050000,-1.217222,0.000000,1.000000
0.625000,50.000000,0.950000,-1.110632,0.000000,1.000000
0.625000,50.000000,0.850000,-1.112492,0.000000,1.000000
0.875000,10.000000,0.100000,-1.215269,0.000000,1.000000
0.625000,100.000000,0.000000,-1.143755,0.000000,1.000000
0.875000,10.000000,0.150000,-1.215993,0.000000,1.000000
0.875000,10.000000,0.200000,-1.212189,0.000000,1.000000
0.625000,100.000000,0.350000,-1.118930,0.000000,1.000000
0.875000,10.000000,0.250000,-1.211536,0.000000,1.000000
0.875000,10.000000,0.350000,-1.210683,0.000000,1.000000
0.875000,10.000000,0.300000,-1.216641,0.000000,1.000000
0.875000,10.000000,0.400000,-1.210065,0.000000,1.000000
0.875000,10.000000,0.600000,-1.202162,0.000000,1.000000
0.875000,10.000000,0.450000,-1.212560,0.000000,1.000000
0.875000,10.000000,0.500000,-1.214092,0.000000,1.000000
0.875000,10.000000,0.700000,-1.206366,0.000000,1.000000
0.875000,10.000000,0.550000,-1.212614,0.000000,1.000000
0.625000,100.000000,0.050000,-1.144137,0.000000,1.000000
0.875000,10.000000,0.900000,-1.200400,0.000000,1.000000
0.875000,10.000000,0.850000,-1.206631,0.000000,1.000000
0.625000,100.000000,0.300000,-1.119659,0.000000,1.000000
0.625000,100.000000,0.450000,-1.110848,0.000000,1.000000
0.875000,10.000000,0.650000,-1.208289,0.000000,1.000000
0.625000,100.000000,0.550000,-1.108456,0.000000,1.000000
0.625000,100.000000,0.400000,-1.122316,0.000000,1.000000
0.625000,100.000000,0.200000,-1.132942,0.000000,1.000000
0.875000,25.000000,0.000000,-1.213145,0.000000,1.000000
0.625000,100.000000,0.800000,-1.084457,0.000000,1.000000
0.625000,100.000000,0.850000,-1.095003,0.000000,1.000000
0.625000,100.000000,0.950000,-1.071658,0.000000,1.000000
0.875000,10.000000,0.950000,-1.213425,0.000000,1.000000
0.875000,10.000000,0.800000,-1.211377,0.000000,1.000000
0.625000,100.000000,0.700000,-1.109655,0.000000,1.000000
0.625000,100.000000,1.000000,-1.071909,0.000000,1.000000
0.625000,100.000000,0.150000,-1.138628,0.000000,1.000000
0.625000,100.000000,0.500000,-1.110381,0.000000,1.000000
0.625000,100.000000,0.100000,-1.136387,0.000000,1.000000
0.875000,10.000000,1.000000,-1.208422,0.000000,1.000000
0.625000,100.000000,0.650000,-1.101561,0.000000,1.000000
0.625000,100.000000,0.250000,-1.124804,0.000000,1.000000
0.875000,10.000000,0.750000,-1.209746,0.000000,1.000000
0.625000,100.000000,0.600000,-1.106170,0.000000,1.000000
0.625000,100.000000,0.900000,-1.078993,0.000000,1.000000
0.625000,100.000000,0.750000,-1.089412,0.000000,1.000000
0.875000,25.000000,0.050000,-1.212170,0.000000,1.000000
0.875000,25.000000,0.100000,-1.208780,0.000000,1.000000
0.875000,25.000000,0.150000,-1.212039,0.000000,1.000000
0.875000,25.000000,0.200000,-1.210138,0.000000,1.000000
0.875000,25.000000,0.300000,-1.208111,0.000000,1.000000
0.875000,25.000000,0.350000,-1.208588,0.000000,1.000000
0.875000,25.000000,0.650000,-1.204224,0.000000,1.000000
0.875000,25.000000,0.450000,-1.206129,0.000000,1.000000
0.875000,25.000000,0.600000,-1.204995,0.000000,1.000000
0.875000,25.000000,0.400000,-1.204595,0.000000,1.000000
0.875000,25.000000,0.800000,-1.199022,0.000000,1.000000
0.875000,25.000000,0.250000,-1.205435,0.000000,1.000000
0.875000,25.000000,0.500000,-1.206027,0.000000,1.000000
0.875000,25.000000,0.550000,-1.202416,0.000000,1.000000
0.875000,25.000000,0.900000,-1.189992,0.000000,1.000000
0.875000,25.000000,1.000000,-1.191728,0.000000,1.000000
0.875000,25.000000,0.700000,-1.198226,0.000000,1.000000
0.875000,25.000000,0.950000,-1.198476,0.000000,1.000000
0.875000,25.000000,0.750000,-1.201725,0.000000,1.000000
0.875000,25.000000,0.850000,-1.201104,0.000000,1.000000
0.875000,50.000000,0.000000,-1.209209,0.000000,1.000000
0.875000,50.000000,0.050000,-1.210905,0.000000,1.000000
0.875000,50.000000,0.150000,-1.208170,0.000000,1.000000
0.875000,50.000000,0.250000,-1.198058,0.000000,1.000000
0.875000,50.000000,0.100000,-1.208442,0.000000,1.000000
0.875000,50.000000,0.400000,-1.193857,0.000000,1.000000
0.875000,50.000000,0.300000,-1.197733,0.000000,1.000000
0.875000,50.000000,0.200000,-1.203649,0.000000,1.000000
0.875000,50.000000,0.350000,-1.201291,0.000000,1.000000
0.875000,50.000000,0.550000,-1.193090,0.000000,1.000000
0.875000,50.000000,0.600000,-1.195334,0.000000,1.000000
0.875000,50.000000,0.500000,-1.197071,0.000000,1.000000
0.875000,50.000000,0.650000,-1.192817,0.000000,1.000000
0.875000,50.000000,0.800000,-1.183638,0.000000,1.000000
0.875000,50.000000,0.850000,-1.171625,0.000000,1.000000
0.875000,50.000000,0.450000,-1.196243,0.000000,1.000000
0.875000,50.000000,0.950000,-1.177054,0.000000,1.000000
0.875000,50.000000,1.000000,-1.184163,0.000000,1.000000
0.875000,50.000000,0.700000,-1.188082,0.000000,1.000000
0.875000,50.000000,0.750000,-1.186807,0.000000,1.000000
1.125000,10.000000,0.050000,-1.277962,0.000000,1.000000
1.125000,10.000000,0.150000,-1.278156,0.000000,1.000000
0.875000,100.000000,0.100000,-1.198782,0.000000,1.000000
0.875000,50.000000,0.900000,-1.178195,0.000000,1.000000
1.125000,10.000000,0.100000,-1.274724,0.000000,1.000000
1.125000,10.000000,0.000000,-1.278232,0.000000,1.000000
1.125000,10.000000,0.250000,-1.274118,0.000000,1.000000
1.125000,10.000000,0.200000,-1.273694,0.000000,1.000000
0.875000,100.000000,0.050000,-1.204670,0.000000,1.000000
0.875000,100.000000,0.000000,-1.203152,0.000000,1.000000
1.125000,10.000000,0.300000,-1.272037,0.000000,1.000000
1.125000,10.000000,0.350000,-1.273691,0.000000,1.000000
1.125000,10.000000,0.400000,-1.271141,0.000000,1.000000
1.125000,10.000000,0.500000,-1.274398,0.000000,1.000000
1.125000,10.000000,0.600000,-1.273172,0.000000,1.000000
1.125000,10.000000,0.850000,-1.269703,0.000000,1.000000
1.125000,10.000000,0.700000,-1.275265,0.000000,1.000000
1.125000,10.000000,0.750000,-1.273785,0.000000,1.000000
1.125000,10.000000,0.550000,-1.276657,0.000000,1.000000
1.125000,10.000000,0.450000,-1.270991,0.000000,1.000000
1.125000,10.000000,0.950000,-1.271081,0.000000,1.000000
0.875000,100.000000,0.550000,-1.158560,0.000000,1.000000
0.875000,100.000000,0.400000,-1.183555,0.000000,1.000000
0.875000,100.000000,0.200000,-1.192208,0.000000,1.000000
1.125000,10.000000,0.900000,-1.266712,0.000000,1.000000
1.125000,10.000000,0.800000,-1.271719,0.000000,1.000000
1.125000,10.000000,0.650000,-1.269772,0.000000,1.000000
0.875000,100.000000,0.500000,-1.171012,0.000000,1.000000
1.125000,10.000000,1.000000,-1.270706,0.000000,1.000000
0.875000,100.000000,0.450000,-1.179393,0.000000,1.000000
0.875000,100.000000,0.350000,-1.179813,0.000000,1.000000
0.875000,100.000000,0.150000,-1.201101,0.000000,1.000000
0.875000,100.000000,0.600000,-1.174203,0.000000,1.000000
0.875000,100.000000,0.950000,-1.164664,0.000000,1.000000
0.875000,100.000000,0.650000,-1.157484,0.000000,1.000000
1.125000,25.000000,0.000000,-1.274593,0.000000,1.000000
0.875000,100.000000,0.800000,-1.152646,0.000000,1.000000
0.875000,100.000000,0.850000,-1.157536,0.000000,1.000000
0.875000,100.000000,0.750000,-1.164911,0.000000,1.000000
0.875000,100.000000,0.250000,-1.192059,0.000000,1.000000
1.125000,25.000000,0.050000,-1.270410,0.000000,1.000000
0.875000,100.000000,0.300000,-1.189063,0.000000,1.000000
0.875000,100.000000,0.700000,-1.159141,0.000000,1.000000
0.875000,100.000000,0.900000,-1.153517,0.000000,1.000000
0.875000,100.000000,1.000000,-1.145781,0.000000,1.000000
1.125000,25.000000,0.150000,-1.270139,0.000000,1.000000
1.125000,25.000000,0.100000,-1.273717,0.000000,1.000000
1.125000,25.000000,0.250000,-1.273013,0.000000,1.000000
1.125000,25.000000,0.450000,-1.268784,0.000000,1.000000
1.125000,25.000000,0.200000,-1.273989,0.000000,1.000000
1.125000,25.000000,0.500000,-1.265505,0.000000,1.000000
1.125000,25.000000,0.400000,-1.272138,0.000000,1.000000
1.125000,25.000000,0.300000,-1.273208,0.000000,1.000000
1.125000,25.000000,0.750000,-1.258048,0.000000,1.000000
1.125000,25.000000,0.350000,-1.270892,0.000000,1.000000
1.125000,25.000000,0.800000,-1.260240,0.000000,1.000000
1.125000,25.000000,0.550000,-1.268367,0.000000,1.000000
1.125000,25.000000,0.600000,-1.268641,0.000000,1.000000
1.125000,25.000000,0.650000,-1.261109,0.000000,1.000000
1.125000,25.000000,0.900000,-1.267023,0.000000,1.000000
1.125000,25.000000,0.850000,-1.263947,0.000000,1.000000
1.125000,25.000000,0.700000,-1.259369,0.000000,1.000000
1.125000,50.000000,0.150000,-1.262743,0.000000,1.000000
1.125000,25.000000,1.000000,-1.256715,0.000000,1.000000
1.125000,50.000000,0.000000,-1.273338,0.000000,1.000000
1.125000,50.000000,0.050000,-1.264851,0.000000,1.000000
1.125000,50.000000,0.300000,-1.263261,0.000000,1.000000
1.125000,25.000000,0.950000,-1.262629,0.000000,1.000000
1.125000,50.000000,0.250000,-1.260833,0.000000,1.000000
1.125000,50.000000,0.200000,-1.264439,0.000000,1.000000
1.125000,50.000000,0.100000,-1.269637,0.000000,1.000000
1.125000,50.000000,0.650000,-1.248296,0.000000,1.000000
1.125000,50.000000,0.350000,-1.265291,0.000000,1.000000
1.125000,50.000000,0.600000,-1.260145,0.000000,1.000000
1.125000,50.000000,0.550000,-1.258499,0.000000,1.000000
1.125000,50.000000,0.450000,-1.260033,0.000000,1.000000
1.125000,50.000000,0.400000,-1.261765,0.000000,1.000000
1.125000,50.000000,1.000000,-1.252185,0.000000,1.000000
1.125000,50.000000,0.800000,-1.258848,0.000000,1.000000
1.125000,50.000000,0.500000,-1.256498,0.000000,1.000000
1.125000,50.000000,0.700000,-1.261849,0.000000,1.000000
1.125000,50.000000,0.950000,-1.245418,0.000000,1.000000
1.125000,50.000000,0.850000,-1.238302,0.000000,1.000000
1.125000,50.000000,0.900000,-1.247429,0.000000,1.000000
1.125000,50.000000,0.750000,-1.253323,0.000000,1.000000
1.375000,10.000000,0.050000,-1.339442,0.000000,1.000000
1.375000,10.000000,0.150000,-1.339652,0.000000,1.000000
1.125000,100.000000,0.200000,-1.254311,0.000000,1.000000
1.375000,10.000000,0.100000,-1.339361,0.000000,1.000000
1.125000,100.000000,0.050000,-1.256530,0.000000,1.000000
1.375000,10.000000,0.200000,-1.337831,0.000000,1.000000
1.125000,100.000000,0.000000,-1.259704,0.000000,1.000000
1.375000,10.000000,0.350000,-1.337100,0.000000,1.000000
1.375000,10.000000,0.250000,-1.334680,0.000000,1.000000
1.375000,10.000000,0.300000,-1.336253,0.000000,1.000000
1.375000,10.000000,0.000000,-1.339921,0.000000,1.000000
1.125000,100.000000,0.700000,-1.229596,0.000000,1.000000
1.375000,10.000000,0.400000,-1.342871,0.000000,1.000000
1.375000,10.000000,0.450000,-1.340046,0.000000,1.000000
1.375000,10.000000,0.600000,-1.335247,0.000000,1.000000
1.375000,10.000000,0.550000,-1.338934,0.000000,1.000000
1.375000,10.000000,0.750000,-1.328694,0.000000,1.000000
1.375000,10.000000,0.650000,-1.343050,0.000000,1.000000
1.375000,10.000000,0.500000,-1.338057,0.000000,1.000000
1.125000,100.000000,0.450000,-1.246298,0.000000,1.000000
1.375000,10.000000,0.850000,-1.338073,0.000000,1.000000
1.375000,10.000000,0.800000,-1.335829,0.000000,1.000000
1.125000,100.000000,0.300000,-1.250401,0.000000,1.000000
1.125000,100.000000,0.650000,-1.233454,0.000000,1.000000
1.125000,100.000000,0.150000,-1.255536,0.000000,1.000000
1.375000,10.000000,0.700000,-1.329036,0.000000,1.000000
1.125000,100.000000,0.350000,-1.249396,0.000000,1.000000
1.125000,100.000000,0.500000,-1.249567,0.000000,1.000000
1.125000,100.000000,0.400000,-1.254701,0.000000,1.000000
1.125000,100.000000,0.750000,-1.231921,0.000000,1.000000
1.375000,10.000000,0.900000,-1.329523,0.000000,1.000000
1.125000,100.000000,0.250000,-1.250684,0.000000,1.000000
1.125000,100.000000,1.000000,-1.206972,0.000000,1.000000
1.125000,100.000000,0.600000,-1.229286,0.000000,1.000000
1.125000,100.000000,0.100000,-1.258210,0.000000,1.000000
1.125000,100.000000,0.800000,-1.242330,0.000000,1.000000
1.375000,25.000000,0.000000,-1.336240,0.000000,1.000000
1.125000,100.000000,0.850000,-1.212887,0.000000,1.000000
1.375000,10.000000,1.000000,-1.338085,0.000000,1.000000
1.125000,100.000000,0.550000,-1.249284,0.000000,1.000000
1.125000,100.000000,0.950000,-1.203024,0.000000,1.000000
1.375000,10.000000,0.950000,-1.328636,0.000000,1.000000
1.125000,100.000000,0.900000,-1.222048,0.000000,1.000000
1.375000,25.000000,0.250000,-1.333270,0.000000,1.000000
1.375000,25.000000,0.050000,-1.335752,0.000000,1.000000
1.375000,25.000000,0.350000,-1.328145,0.000000,1.000000
1.375000,25.000000,0.150000,-1.337284,0.000000,1.000000
1.375000,25.000000,0.100000,-1.333126,0.000000,1.000000
1.375000,25.000000,0.200000,-1.323480,0.000000,1.000000
1.375000,25.000000,0.400000,-1.326457,0.000000,1.000000
1.375000,25.000000,0.750000,-1.321677,0.000000,1.000000
1.375000,25.000000,0.500000,-1.328936,0.000000,1.000000
1.375000,25.000000,0.600000,-1.321663,0.000000,1.000000
1.375000,25.000000,0.300000,-1.320673,0.000000,1.000000
1.375000,25.000000,0.900000,-1.324968,0.000000,1.000000
1.375000,25.000000,0.450000,-1.329609,0.000000,1.000000
1.375000,25.000000,0.550000,-1.332238,0.000000,1.000000
1.375000,25.000000,0.950000,-1.329182,0.000000,1.000000
1.375000,25.000000,1.000000,-1.309472,0.000000,1.000000
1.375000,25.000000,0.700000,-1.316254,0.000000,1.000000
1.375000,25.000000,0.850000,-1.327326,0.000000,1.000000
1.375000,25.000000,0.650000,-1.321579,0.000000,1.000000
1.375000,25.000000,0.800000,-1.330839,0.000000,1.000000
1.375000,50.000000,0.000000,-1.332676,0.000000,1.000000
1.375000,50.000000,0.050000,-1.331163,0.000000,1.000000
1.375000,50.000000,0.100000,-1.329030,0.000000,1.000000
1.375000,50.000000,0.250000,-1.324338,0.000000,1.000000
1.375000,50.000000,0.400000,-1.318152,0.000000,1.000000
1.375000,50.000000,0.350000,-1.329047,0.000000,1.000000
1.375000,50.000000,0.200000,-1.327081,0.000000,1.000000
1.375000,50.000000,0.500000,-1.330872,0.000000,1.000000
1.375000,50.000000,0.600000,-1.328606,0.000000,1.000000
1.375000,50.000000,0.150000,-1.327313,0.000000,1.000000
1.375000,50.000000,0.550000,-1.317533,0.000000,1.000000
1.375000,50.000000,0.300000,-1.327946,0.000000,1.000000
1.375000,50.000000,0.650000,-1.316900,0.000000,1.000000
1.375000,50.000000,0.450000,-1.328157,0.000000,1.000000
1.375000,50.000000,0.700000,-1.324840,0.000000,1.000000
1.375000,50.000000,0.950000,-1.317237,0.000000,1.000000
1.375000,50.000000,0.750000,-1.310820,0.000000,1.000000
1.375000,50.000000,0.850000,-1.323098,0.000000,1.000000
1.375000,50.000000,0.900000,-1.311672,0.000000,1.000000
1.375000,50.000000,0.800000,-1.313477,0.000000,1.000000
1.625000,10.000000,0.000000,-1.404519,0.000000,1.000000
1.375000,50.000000,1.000000,-1.283736,0.000000,1.000000
1.625000,10.000000,0.050000,-1.400652,0.000000,1.000000
1.625000,10.000000,0.200000,-1.404092,0.000000,1.000000
1.375000,100.000000,0.050000,-1.323514,0.000000,1.000000
1.625000,10.000000,0.250000,-1.400639,0.000000,1.000000
1.625000,10.000000,0.150000,-1.398367,0.000000,1.000000
1.375000,100.000000,0.400000,-1.304757,0.000000,1.000000
1.625000,10.000000,0.300000,-1.405282,0.000000,1.000000
1.375000,100.000000,0.000000,-1.320799,0.000000,1.000000
1.625000,10.000000,0.350000,-1.398798,0.000000,1.000000
1.625000,10.000000,0.400000,-1.402931,0.000000,1.000000
1.375000,100.000000,0.450000,-1.307267,0.000000,1.000000
1.375000,100.000000,0.550000,-1.314275,0.000000,1.000000
1.625000,10.000000,0.100000,-1.400366,0.000000,1.000000
1.625000,10.000000,0.450000,-1.397689,0.000000,1.000000
1.375000,100.000000,0.500000,-1.322956,0.000000,1.000000
1.375000,100.000000,0.850000,-1.305420,0.000000,1.000000
1.625000,10.000000,0.500000,-1.398885,0.000000,1.000000
1.625000,10.000000,0.600000,-1.396920,0.000000,1.000000
1.375000,100.000000,0.150000,-1.323023,0.000000,1.000000
1.625000,10.000000,0.550000,-1.399252,0.000000,1.000000
1.625000,10.000000,0.800000,-1.395179,0.000000,1.000000
1.375000,100.000000,0.100000,-1.326033,0.000000,1.000000
1.625000,10.000000,0.750000,-1.393010,0.000000,1.000000
1.625000,10.000000,0.700000,-1.397585,0.000000,1.000000
1.625000,10.000000,0.850000,-1.395295,0.000000,1.000000
1.375000,100.000000,0.300000,-1.312735,0.000000,1.000000
1.375000,100.000000,0.600000,-1.317056,0.000000,1.000000
1.625000,10.000000,0.900000,-1.402150,0.000000,1.000000
1.375000,100.000000,0.800000,-1.296354,0.000000,1.000000
1.375000,100.000000,0.650000,-1.308081,0.000000,1.000000
1.625000,10.000000,0.650000,-1.398963,0.000000,1.000000
1.375000,100.000000,0.200000,-1.316406,0.000000,1.000000
1.375000,100.000000,1.000000,-1.305518,0.000000,1.000000
1.375000,100.000000,0.950000,-1.306160,0.000000,1.000000
1.625000,10.000000,0.950000,-1.392191,0.000000,1.000000
1.375000,100.000000,0.700000,-1.304550,0.000000,1.000000
1.375000,100.000000,0.350000,-1.303240,0.000000,1.000000
1.375000,100.000000,0.250000,-1.319877,0.000000,1.000000
1.625000,10.000000,1.000000,-1.388090,0.000000,1.000000
1.625000,25.000000,0.000000,-1.391257,0.000000,1.000000
1.375000,100.000000,0.900000,-1.309759,0.000000,1.000000
1.375000,100.000000,0.750000,-1.291393,0.000000,1.000000
1.625000,25.000000,0.050000,-1.397886,0.000000,1.000000
1.625000,25.000000,0.100000,-1.394904,0.000000,1.000000
1.625000,25.000000,0.150000,-1.393122,0.000000,1.000000
1.625000,25.000000,0.350000,-1.391082,0.000000,1.000000
1.625000,25.000000,0.600000,-1.391789,0.000000,1.000000
1.625000,25.000000,0.300000,-1.396415,0.000000,1.000000
1.625000,25.000000,0.700000,-1.389956,0.000000,1.000000
1.625000,25.000000,0.400000,-1.392500,0.000000,1.000000
1.625000,25.000000,0.450000,-1.388955,0.000000,1.000000
1.625000,25.000000,0.550000,-1.386689,0.000000,1.000000
1.625000,25.000000,0.250000,-1.399983,0.000000,1.000000
1.625000,25.000000,0.950000,-1.388865,0.000000,1.000000
1.625000,25.000000,0.200000,-1.391934,0.000000,1.000000
1.625000,25.000000,0.750000,-1.397112,0.000000,1.000000
1.625000,25.000000,0.850000,-1.388430,0.000000,1.000000
1.625000,25.000000,0.800000,-1.402169,0.000000,1.000000
1.625000,25.000000,0.900000,-1.387682,0.000000,1.000000
1.625000,25.000000,0.500000,-1.378627,0.000000,1.000000
1.625000,25.000000,0.650000,-1.391824,0.000000,1.000000
1.625000,50.000000,0.000000,-1.393638,0.000000,1.000000
1.625000,25.000000,1.000000,-1.373079,0.000000,1.000000
1.625000,50.000000,0.050000,-1.386890,0.000000,1.000000
1.625000,50.000000,0.100000,-1.382929,0.000000,1.000000
1.625000,50.000000,0.150000,-1.392187,0.000000,1.000000
1.625000,50.000000,0.700000,-1.391240,0.000000,1.000000
1.625000,50.000000,0.300000,-1.391306,0.000000,1.000000
1.625000,50.000000,0.900000,-1.387581,0.000000,1.000000
1.625000,50.000000,0.450000,-1.386697,0.000000,1.000000
1.625000,50.000000,0.250000,-1.384515,0.000000,1.000000
1.625000,50.000000,0.400000,-1.386298,0.000000,1.000000
1.625000,50.000000,0.550000,-1.393433,0.000000,1.000000
1.625000,50.000000,0.800000,-1.380196,0.000000,1.000000
1.625000,50.000000,1.000000,-1.342909,0.000000,1.000000
1.625000,50.000000,0.650000,-1.370244,0.000000,1.000000
1.625000,50.000000,0.350000,-1.392099,0.000000,1.000000
1.625000,50.000000,0.600000,-1.385706,0.000000,1.000000
1.625000,50.000000,0.850000,-1.395406,0.000000,1.000000
1.625000,50.000000,0.750000,-1.383114,0.000000,1.000000
1.625000,50.000000,0.200000,-1.393027,0.000000,1.000000
1.625000,50.000000,0.500000,-1.393144,0.000000,1.000000
1.875000,10.000000,0.050000,-1.462722,0.000000,1.000000
1.625000,50.000000,0.950000,-1.390916,0.000000,1.000000
1.875000,10.000000,0.100000,-1.463230,0.000000,1.000000
1.875000,10.000000,0.000000,-1.464821,0.000000,1.000000
1.875000,10.000000,0.150000,-1.459957,0.000000,1.000000
1.875000,10.000000,0.200000,-1.462094,0.000000,1.000000
1.625000,100.000000,0.100000,-1.376942,0.000000,1.000000
1.625000,100.000000,0.250000,-1.368534,0.000000,1.000000
1.875000,10.000000,0.350000,-1.464789,0.000000,1.000000
1.875000,10.000000,0.300000,-1.467536,0.000000,1.000000
1.875000,10.000000,0.250000,-1.463503,0.000000,1.000000
1.625000,100.000000,0.550000,-1.380492,0.000000,1.000000
1.875000,10.000000,0.450000,-1.462659,0.000000,1.000000
1.875000,10.000000,0.500000,-1.462926,0.000000,1.000000
1.875000,10.000000,0.600000,-1.460755,0.000000,1.000000
1.875000,10.000000,0.400000,-1.466407,0.000000,1.000000
1.875000,10.000000,0.550000,-1.459019,0.000000,1.000000
1.875000,10.000000,0.700000,-1.457888,0.000000,1.000000
1.875000,10.000000,0.950000,-1.452618,0.000000,1.000000
1.875000,10.000000,0.750000,-1.465142,0.000000,1.000000
1.625000,100.000000,0.150000,-1.380928,0.000000,1.000000
1.625000,100.000000,0.450000,-1.392294,0.000000,1.000000
1.625000,100.000000,0.400000,-1.383835,0.000000,1.000000
1.625000,100.000000,0.000000,-1.372973,0.000000,1.000000
1.875000,10.000000,0.900000,-1.466080,0.000000,1.000000
1.625000,100.000000,0.200000,-1.379883,0.000000,1.000000
1.625000,100.000000,0.350000,-1.381570,0.000000,1.000000
1.875000,10.000000,0.850000,-1.466438,0.000000,1.000000
1.625000,100.000000,0.700000,-1.377103,0.000000,1.000000
1.875000,10.000000,0.650000,-1.461121,0.000000,1.000000
1.625000,100.000000,0.800000,-1.361169,0.000000,1.000000
1.875000,10.000000,0.800000,-1.467148,0.000000,1.000000
1.625000,100.000000,0.050000,-1.366011,0.000000,1.000000
1.625000,100.000000,0.950000,-1.373237,0.000000,1.000000
1.625000,100.000000,0.850000,-1.346263,0.000000,1.000000
1.625000,100.000000,0.900000,-1.355817,0.000000,1.000000
1.625000,100.000000,0.300000,-1.356155,0.000000,1.000000
1.625000,100.000000,1.000000,-1.360656,0.000000,1.000000
1.625000,100.000000,0.500000,-1.373148,0.000000,1.000000
1.625000,100.000000,0.750000,-1.345813,0.000000,1.000000
1.625000,100.000000,0.650000,-1.386862,0.000000,1.000000
1.875000,10.000000,1.000000,-1.459840,0.000000,1.000000
1.625000,100.000000,0.600000,-1.381193,0.000000,1.000000
1.875000,25.000000,0.000000,-1.452655,0.000000,1.000000
1.875000,25.000000,0.200000,-1.459215,0.000000,1.000000
1.875000,25.000000,0.250000,-1.454416,0.000000,1.000000
1.875000,25.000000,0.100000,-1.458249,0.000000,1.000000
1.875000,25.000000,0.150000,-1.461434,0.000000,1.000000
1.875000,25.000000,0.400000,-1.459184,0.000000,1.000000
1.875000,25.000000,0.350000,-1.457575,0.000000,1.000000
1.875000,25.000000,0.450000,-1.453888,0.000000,1.000000
1.875000,25.000000,0.550000,-1.452487,0.000000,1.000000
1.875000,25.000000,0.900000,-1.442458,0.000000,1.000000
1.875000,25.000000,0.050000,-1.452823,0.000000,1.000000
1.875000,25.000000,0.800000,-1.460552,0.000000,1.000000
1.875000,25.000000,0.500000,-1.449913,0.000000,1.000000
1.875000,25.000000,0.300000,-1.459226,0.000000,1.000000
1.875000,25.000000,0.650000,-1.450452,0.000000,1.000000
1.875000,25.000000,0.850000,-1.445553,0.000000,1.000000
1.875000,25.000000,0.600000,-1.452173,0.000000,1.000000
1.875000,25.000000,0.950000,-1.457809,0.000000,1.000000
1.875000,25.000000,0.750000,-1.455364,0.000000,1.000000
1.875000,25.000000,0.700000,-1.447639,0.000000,1.000000
1.875000,25.000000,1.000000,-1.449647,0.000000,1.000000
1.875000,50.000000,0.000000,-1.457008,0.000000,1.000000
1.875000,50.000000,0.050000,-1.447202,0.000000,1.000000
1.875000,50.000000,0.100000,-1.455290,0.000000,1.000000
1.875000,50.000000,0.150000,-1.452092,0.000000,1.000000
1.875000,50.000000,0.250000,-1.455652,0.000000,1.000000
1.875000,50.000000,0.350000,-1.443513,0.000000,1.000000
1.875000,50.000000,0.200000,-1.453500,0.000000,1.000000
1.875000,50.000000,0.550000,-1.437085,0.000000,1.000000
1.875000,50.000000,0.400000,-1.449659,0.000000,1.000000
1.875000,50.000000,0.600000,-1.443825,0.000000,1.000000
1.875000,50.000000,0.650000,-1.452596,0.000000,1.000000
1.875000,50.000000,0.450000,-1.446019,0.000000,1.000000
1.875000,50.000000,0.700000,-1.451489,0.000000,1.000000
1.875000,50.000000,0.500000,-1.457500,0.000000,1.000000
1.875000,50.000000,0.300000,-1.447067,0.000000,1.000000
1.875000,50.000000,0.750000,-1.435412,0.000000,1.000000
2.125000,10.000000,0.000000,-1.523983,0.000000,1.000000
1.875000,50.000000,0.900000,-1.417846,0.000000,1.000000
1.875000,50.000000,0.950000,-1.453181,0.000000,1.000000
1.875000,50.000000,0.850000,-1.457691,0.000000,1.000000
1.875000,50.000000,0.800000,-1.457681,0.000000,1.000000
1.875000,50.000000,1.000000,-1.452035,0.000000,1.000000
2.125000,10.000000,0.050000,-1.525604,0.000000,1.000000
2.125000,10.000000,0.100000,-1.524472,0.000000,1.000000
2.125000,10.000000,0.150000,-1.528475,0.000000,1.000000
1.875000,100.000000,0.000000,-1.437384,0.000000,1.000000
1.875000,100.000000,0.300000,-1.444924,0.000000,1.000000
2.125000,10.000000,0.250000,-1.523124,0.000000,1.000000
2.125000,10.000000,0.200000,-1.527656,0.000000,1.000000
1.875000,100.000000,0.450000,-1.426286,0.000000,1.000000
2.125000,10.000000,0.300000,-1.516857,0.000000,1.000000
2.125000,10.000000,0.350000,-1.523839,0.000000,1.000000
2.125000,10.000000,0.400000,-1.523526,0.000000,1.000000
2.125000,10.000000,0.550000,-1.520966,0.000000,1.000000
2.125000,10.000000,0.450000,-1.525315,0.000000,1.000000
2.125000,10.000000,0.800000,-1.517997,0.000000,1.000000
2.125000,10.000000,0.650000,-1.520179,0.000000,1.000000
2.125000,10.000000,0.500000,-1.520044,0.000000,1.000000
2.125000,10.000000,0.850000,-1.517306,0.000000,1.000000
1.875000,100.000000,0.100000,-1.441930,0.000000,1.000000
1.875000,100.000000,0.200000,-1.445660,0.000000,1.000000
2.125000,10.000000,0.750000,-1.524055,0.000000,1.000000
2.125000,10.000000,0.600000,-1.516093,0.000000,1.000000
1.875000,100.000000,0.400000,-1.438580,0.000000,1.000000
1.875000,100.000000,0.050000,-1.434468,0.000000,1.000000
1.875000,100.000000,0.350000,-1.436734,0.000000,1.000000
1.875000,100.000000,0.250000,-1.448021,0.000000,1.000000
1.875000,100.000000,0.700000,-1.443546,0.000000,1.000000
1.875000,100.000000,0.650000,-1.439776,0.000000,1.000000
2.125000,10.000000,0.700000,-1.522299,0.000000,1.000000
1.875000,100.000000,0.550000,-1.437793,0.000000,1.000000
1.875000,100.000000,0.500000,-1.408346,0.000000,1.000000
1.875000,100.000000,0.850000,-1.434015,0.000000,1.000000
1.875000,100.000000,0.600000,-1.443780,0.000000,1.000000
1.875000,100.000000,0.750000,-1.436528,0.000000,1.000000
1.875000,100.000000,0.900000,-1.463971,0.000000,1.000000
2.125000,25.000000,0.000000,-1.518862,0.000000,1.000000
2.125000,10.000000,0.950000,-1.521471,0.000000,1.000000
1.875000,100.000000,0.950000,-1.419099,0.000000,1.000000
1.875000,100.000000,1.000000,-1.434614,0.000000,1.000000
1.875000,100.000000,0.800000,-1.440971,0.000000,1.000000
2.125000,10.000000,1.000000,-1.521793,0.000000,1.000000
2.125000,10.000000,0.900000,-1.524490,0.000000,1.000000
1.875000,100.000000,0.150000,-1.438132,0.000000,1.000000
2.125000,25.000000,0.050000,-1.513979,0.000000,1.000000
2.125000,25.000000,0.200000,-1.515024,0.000000,1.000000
2.125000,25.000000,0.100000,-1.515592,0.000000,1.000000
2.125000,25.000000,0.250000,-1.517372,0.000000,1.000000
2.125000,25.000000,0.400000,-1.517643,0.000000,1.000000
2.125000,25.000000,0.350000,-1.516516,0.000000,1.000000
2.125000,25.000000,0.150000,-1.516725,0.000000,1.000000
2.125000,25.000000,0.450000,-1.515209,0.000000,1.000000
2.125000,25.000000,0.700000,-1.516475,0.000000,1.000000
2.125000,25.000000,0.300000,-1.524759,0.000000,1.000000
2.125000,25.000000,0.550000,-1.508012,0.000000,1.000000
2.125000,25.000000,0.800000,-1.504928,0.000000,1.000000
2.125000,25.000000,0.500000,-1.523198,0.000000,1.000000
2.125000,25.000000,0.600000,-1.514783,0.000000,1.000000
2.125000,25.000000,0.750000,-1.525997,0.000000,1.000000
2.125000,25.000000,0.900000,-1.525563,0.000000,1.000000
2.125000,25.000000,0.850000,-1.516350,0.000000,1.000000
2.125000,25.000000,0.950000,-1.512625,0.000000,1.000000
2.125000,25.000000,1.000000,-1.496904,0.000000,1.000000
2.125000,25.000000,0.650000,-1.522284,0.000000,1.000000
2.125000,50.000000,0.050000,-1.513149,0.000000,1.000000
2.125000,50.000000,0.000000,-1.511179,0.000000,1.000000
2.125000,50.000000,0.100000,-1.515816,0.000000,1.000000
2.125000,50.000000,0.150000,-1.506378,0.000000,1.000000
2.125000,50.000000,0.300000,-1.520293,0.000000,1.000000
2.125000,50.000000,0.450000,-1.519770,0.000000,1.000000
2.125000,50.000000,0.200000,-1.510526,0.000000,1.000000
2.125000,50.000000,0.250000,-1.513963,0.000000,1.000000
2.125000,50.000000,0.400000,-1.514696,0.000000,1.000000
2.125000,50.000000,0.600000,-1.530441,0.000000,1.000000
2.125000,50.000000,0.350000,-1.509018,0.000000,1.000000
2.125000,50.000000,0.850000,-1.504059,0.000000,1.000000
2.125000,50.000000,0.700000,-1.512558,0.000000,1.000000
2.125000,50.000000,0.500000,-1.515486,0.000000,1.000000
2.125000,50.000000,0.800000,-1.510591,0.000000,1.000000
2.125000,50.000000,0.900000,-1.519245,0.000000,1.000000
2.125000,50.000000,1.000000,-1.519510,0.000000,1.000000
2.125000,50.000000,0.750000,-1.499659,0.000000,1.000000
2.125000,50.000000,0.950000,-1.509913,0.000000,1.000000
2.125000,50.000000,0.550000,-1.503870,0.000000,1.000000
2.125000,50.000000,0.650000,-1.488438,0.000000,1.000000
2.125000,100.000000,0.250000,-1.480488,0.000000,1.000000
2.125000,100.000000,0.300000,-1.502524,0.000000,1.000000
2.125000,100.000000,0.150000,-1.490817,0.000000,1.000000
2.125000,100.000000,0.050000,-1.504076,0.000000,1.000000
2.125000,100.000000,0.900000,-1.503776,0.000000,1.000000
2.125000,100.000000,0.500000,-1.498160,0.000000,1.000000
2.125000,100.000000,0.800000,-1.467992,0.000000,1.000000
2.125000,100.000000,0.600000,-1.511833,0.000000,1.000000
2.125000,100.000000,0.200000,-1.510710,0.000000,1.000000
2.125000,100.000000,0.750000,-1.473919,0.000000,1.000000
2.125000,100.000000,0.950000,-1.496750,0.000000,1.000000
2.125000,100.000000,0.550000,-1.517096,0.000000,1.000000
2.125000,100.000000,0.700000,-1.504603,0.000000,1.000000
2.125000,100.000000,0.350000,-1.500670,0.000000,1.000000
2.125000,100.000000,1.000000,-1.530547,0.000000,1.000000
2.125000,100.000000,0.450000,-1.501895,0.000000,1.000000
2.125000,100.000000,0.000000,-1.490114,0.000000,1.000000
2.125000,100.000000,0.400000,-1.488668,0.000000,1.000000
2.125000,100.000000,0.100000,-1.499233,0.000000,1.000000
2.125000,100.000000,0.650000,-1.502942,0.000000,1.000000
2.125000,100.000000,0.850000,-1.507985,0.000000,1.000000
