alpha,N_species,mu,mean_leading_eigenvalue,extinction_counter, attempt_counter
-2.125000,10.000000,-0.100000,nan,0.000000,5.000000
-2.125000,10.000000,-0.090000,nan,0.000000,5.000000
-2.125000,10.000000,-0.080000,nan,0.000000,5.000000
-2.125000,10.000000,-0.070000,nan,0.000000,5.000000
-2.125000,10.000000,-0.060000,nan,0.000000,5.000000
-2.125000,10.000000,-0.050000,nan,0.000000,5.000000
-2.125000,10.000000,-0.040000,nan,0.000000,5.000000
-2.125000,10.000000,-0.030000,nan,0.000000,5.000000
-2.125000,25.000000,-0.080000,nan,0.000000,5.000000
-2.125000,25.000000,-0.100000,nan,0.000000,5.000000
-2.125000,25.000000,-0.090000,nan,0.000000,5.000000
-2.125000,25.000000,-0.070000,nan,0.000000,5.000000
-2.125000,25.000000,-0.050000,nan,0.000000,5.000000
-2.125000,25.000000,-0.060000,nan,0.000000,5.000000
-2.125000,25.000000,-0.030000,nan,0.000000,5.000000
-2.125000,25.000000,-0.040000,nan,0.000000,5.000000
-2.125000,25.000000,-0.020000,nan,0.000000,5.000000
-2.125000,50.000000,-0.040000,nan,0.000000,5.000000
-2.125000,50.000000,-0.090000,nan,0.000000,5.000000
-2.125000,50.000000,-0.100000,nan,0.000000,5.000000
-2.125000,50.000000,-0.070000,nan,0.000000,5.000000
-2.125000,50.000000,-0.060000,nan,0.000000,5.000000
-2.125000,50.000000,-0.080000,nan,0.000000,5.000000
-2.125000,50.000000,-0.050000,nan,0.000000,5.000000
-2.125000,50.000000,-0.020000,nan,0.000000,5.000000
-2.125000,50.000000,-0.030000,nan,0.000000,5.000000
-2.125000,50.000000,-0.010000,nan,0.000000,5.000000
-2.125000,10.000000,-0.020000,-0.215740,0.000000,1.000000
-2.125000,10.000000,0.000000,-0.454346,0.000000,1.000000
-2.125000,10.000000,-0.010000,-0.353658,0.000000,1.000000
-2.125000,10.000000,0.050000,-0.724018,0.000000,1.000000
-2.125000,10.000000,0.020000,-0.574002,0.000000,1.000000
-2.125000,10.000000,0.070000,-0.805299,0.000000,1.000000
-2.125000,10.000000,0.080000,-0.849754,0.000000,1.000000
-2.125000,10.000000,0.060000,-0.767575,0.000000,1.000000
-2.125000,10.000000,0.090000,-0.888811,0.000000,1.000000
-2.125000,10.000000,0.100000,-0.926729,0.000000,1.000000
-2.125000,10.000000,0.030000,-0.630300,0.000000,1.000000
-2.125000,25.000000,-0.010000,-0.051880,0.000000,1.000000
-2.125000,10.000000,0.040000,-0.678409,0.000000,1.000000
-2.125000,25.000000,0.080000,-1.326663,0.000000,1.000000
-2.125000,10.000000,0.010000,-0.520478,0.000000,1.000000
-2.125000,25.000000,0.040000,-0.961964,0.000000,1.000000
-2.125000,25.000000,0.060000,-1.157676,0.000000,1.000000
-2.125000,25.000000,0.000000,-0.453753,0.000000,1.000000
-2.125000,25.000000,0.070000,-1.241839,0.000000,1.000000
-2.125000,25.000000,0.050000,-1.060303,0.000000,1.000000
-2.125000,25.000000,0.010000,-0.611040,0.000000,1.000000
-2.125000,25.000000,0.020000,-0.741141,0.000000,1.000000
-2.125000,100.000000,-0.060000,nan,0.000000,5.000000
-2.125000,100.000000,-0.080000,nan,0.000000,5.000000
-2.125000,100.000000,-0.100000,nan,0.000000,5.000000
-2.125000,100.000000,-0.090000,nan,0.000000,5.000000
-2.125000,25.000000,0.100000,-1.489498,0.000000,1.000000
-2.125000,100.000000,-0.070000,nan,0.000000,5.000000
-2.125000,25.000000,0.030000,-0.856430,0.000000,1.000000
-2.125000,25.000000,0.090000,-1.412029,0.000000,1.000000
-2.125000,100.000000,-0.050000,nan,0.000000,5.000000
-2.125000,50.000000,0.010000,-0.745945,0.000000,1.000000
-2.125000,100.000000,-0.030000,nan,0.000000,5.000000
-2.125000,50.000000,0.030000,-1.161664,0.000000,1.000000
-2.125000,50.000000,0.040000,-1.340123,0.000000,1.000000
-2.125000,100.000000,-0.040000,nan,0.000000,5.000000
-2.125000,100.000000,-0.020000,nan,0.000000,5.000000
-2.125000,50.000000,0.000000,-0.449412,0.000000,1.000000
-2.125000,50.000000,0.020000,-0.972739,0.000000,1.000000
-2.125000,50.000000,0.080000,-1.954563,0.000000,1.000000
-2.125000,50.000000,0.070000,-1.812747,0.000000,1.000000
-2.125000,50.000000,0.060000,-1.666671,0.000000,1.000000
-2.125000,100.000000,-0.010000,nan,0.000000,5.000000
-1.875000,10.000000,-0.100000,nan,0.000000,5.000000
-2.125000,50.000000,0.050000,-1.505120,0.000000,1.000000
-1.875000,10.000000,-0.090000,nan,0.000000,5.000000
-1.875000,10.000000,-0.050000,nan,0.000000,5.000000
-1.875000,10.000000,-0.040000,nan,0.000000,5.000000
-1.875000,10.000000,-0.080000,nan,0.000000,5.000000
-1.875000,10.000000,-0.070000,nan,0.000000,5.000000
-1.875000,10.000000,-0.060000,nan,0.000000,5.000000
-1.875000,25.000000,-0.090000,nan,0.000000,5.000000
-1.875000,25.000000,-0.100000,nan,0.000000,5.000000
-1.875000,25.000000,-0.050000,nan,0.000000,5.000000
-2.125000,50.000000,0.090000,-2.088585,0.000000,1.000000
-1.875000,25.000000,-0.070000,nan,0.000000,5.000000
-1.875000,25.000000,-0.080000,nan,0.000000,5.000000
-1.875000,25.000000,-0.060000,nan,0.000000,5.000000
-1.875000,25.000000,-0.040000,nan,0.000000,5.000000
-2.125000,50.000000,0.100000,-2.219321,0.000000,1.000000
-1.875000,25.000000,-0.030000,nan,0.000000,5.000000
-1.875000,25.000000,-0.020000,nan,0.000000,5.000000
-1.875000,50.000000,-0.100000,nan,0.000000,5.000000
-1.875000,50.000000,-0.090000,nan,0.000000,5.000000
-1.875000,50.000000,-0.080000,nan,0.000000,5.000000
-1.875000,50.000000,-0.050000,nan,0.000000,5.000000
-1.875000,50.000000,-0.070000,nan,0.000000,5.000000
-1.875000,50.000000,-0.060000,nan,0.000000,5.000000
-1.875000,50.000000,-0.040000,nan,0.000000,5.000000
-1.875000,50.000000,-0.030000,nan,0.000000,5.000000
-1.875000,50.000000,-0.020000,nan,0.000000,5.000000
-1.875000,50.000000,-0.010000,nan,0.000000,5.000000
-2.125000,100.000000,0.000000,-0.429311,0.000000,1.000000
-1.875000,10.000000,-0.030000,-0.153254,0.000000,1.000000
-1.875000,10.000000,-0.020000,-0.319258,0.000000,1.000000
-1.875000,10.000000,-0.010000,-0.433225,0.000000,1.000000
-1.875000,10.000000,0.020000,-0.626016,0.000000,1.000000
-1.875000,10.000000,0.000000,-0.524855,0.000000,1.000000
-1.875000,10.000000,0.010000,-0.579807,0.000000,1.000000
-1.875000,10.000000,0.030000,-0.670310,0.000000,1.000000
-1.875000,10.000000,0.070000,-0.827875,0.000000,1.000000
-1.875000,10.000000,0.080000,-0.864697,0.000000,1.000000
-1.875000,10.000000,0.090000,-0.900503,0.000000,1.000000
-1.875000,10.000000,0.040000,-0.713275,0.000000,1.000000
-1.875000,10.000000,0.050000,-0.753394,0.000000,1.000000
-1.875000,25.000000,0.000000,-0.516981,0.000000,1.000000
-1.875000,10.000000,0.060000,-0.793294,0.000000,1.000000
-1.875000,10.000000,0.100000,-0.930944,0.000000,1.000000
-2.125000,100.000000,0.080000,-2.957266,0.000000,1.000000
-2.125000,100.000000,0.030000,-1.671030,0.000000,1.000000
-2.125000,100.000000,0.050000,-2.231388,0.000000,1.000000
-2.125000,100.000000,0.060000,-2.484617,0.000000,1.000000
-1.875000,25.000000,0.010000,-0.655607,0.000000,1.000000
-1.875000,25.000000,0.070000,-1.209789,0.000000,1.000000
-1.875000,25.000000,0.020000,-0.769762,0.000000,1.000000
-1.875000,100.000000,-0.090000,nan,0.000000,5.000000
-1.875000,25.000000,0.060000,-1.133788,0.000000,1.000000
-1.875000,25.000000,-0.010000,-0.212995,0.000000,1.000000
-2.125000,100.000000,0.070000,-2.727933,0.000000,1.000000
-1.875000,25.000000,0.040000,-0.965167,0.000000,1.000000
-1.875000,25.000000,0.050000,-1.052272,0.000000,1.000000
-1.875000,100.000000,-0.100000,nan,0.000000,5.000000
-1.875000,25.000000,0.030000,-0.871823,0.000000,1.000000
-1.875000,100.000000,-0.060000,nan,0.000000,5.000000
-2.125000,100.000000,0.020000,-1.344331,0.000000,1.000000
-2.125000,100.000000,0.040000,-1.963705,0.000000,1.000000
-2.125000,100.000000,0.010000,-0.963271,0.000000,1.000000
-1.875000,100.000000,-0.080000,nan,0.000000,5.000000
-2.125000,100.000000,0.100000,-3.388567,0.000000,1.000000
-1.875000,100.000000,-0.070000,nan,0.000000,5.000000
-1.875000,25.000000,0.080000,-1.286060,0.000000,1.000000
-1.875000,100.000000,-0.050000,nan,0.000000,5.000000
-2.125000,100.000000,0.090000,-3.175859,0.000000,1.000000
-1.875000,100.000000,-0.030000,nan,0.000000,5.000000
-1.875000,100.000000,-0.020000,nan,0.000000,5.000000
-1.625000,10.000000,-0.090000,nan,0.000000,5.000000
-1.875000,25.000000,0.090000,-1.358444,0.000000,1.000000
-1.625000,10.000000,-0.070000,nan,0.000000,5.000000
-1.875000,25.000000,0.100000,-1.427282,0.000000,1.000000
-1.875000,50.000000,0.030000,-1.148503,0.000000,1.000000
-1.875000,50.000000,0.050000,-1.443631,0.000000,1.000000
-1.875000,50.000000,0.000000,-0.513851,0.000000,1.000000
-1.625000,10.000000,-0.100000,nan,0.000000,5.000000
-1.875000,100.000000,-0.010000,nan,0.000000,5.000000
-1.875000,100.000000,-0.040000,nan,0.000000,5.000000
-1.625000,10.000000,-0.080000,nan,0.000000,5.000000
-1.875000,50.000000,0.040000,-1.299843,0.000000,1.000000
-1.875000,50.000000,0.020000,-0.973207,0.000000,1.000000
-1.875000,50.000000,0.080000,-1.828763,0.000000,1.000000
-1.625000,10.000000,-0.060000,nan,0.000000,5.000000
-1.875000,50.000000,0.100000,-2.057743,0.000000,1.000000
-1.625000,10.000000,-0.050000,nan,0.000000,5.000000
-1.875000,50.000000,0.010000,-0.769981,0.000000,1.000000
-1.875000,50.000000,0.090000,-1.946503,0.000000,1.000000
-1.875000,50.000000,0.060000,-1.580565,0.000000,1.000000
-1.875000,50.000000,0.070000,-1.706321,0.000000,1.000000
-1.625000,25.000000,-0.060000,nan,0.000000,5.000000
-1.625000,25.000000,-0.070000,nan,0.000000,5.000000
-1.625000,25.000000,-0.100000,nan,0.000000,5.000000
-1.625000,25.000000,-0.040000,nan,0.000000,5.000000
-1.625000,25.000000,-0.050000,nan,0.000000,5.000000
-1.625000,25.000000,-0.080000,nan,0.000000,5.000000
-1.625000,25.000000,-0.030000,nan,0.000000,5.000000
-1.625000,25.000000,-0.090000,nan,0.000000,5.000000
-1.625000,25.000000,-0.020000,nan,0.000000,5.000000
-1.625000,50.000000,-0.080000,nan,0.000000,5.000000
-1.625000,50.000000,-0.050000,nan,0.000000,5.000000
-1.625000,50.000000,-0.060000,nan,0.000000,5.000000
-1.625000,50.000000,-0.100000,nan,0.000000,5.000000
-1.625000,50.000000,-0.090000,nan,0.000000,5.000000
-1.625000,50.000000,-0.070000,nan,0.000000,5.000000
-1.625000,50.000000,-0.040000,nan,0.000000,5.000000
-1.625000,50.000000,-0.030000,nan,0.000000,5.000000
-1.625000,10.000000,-0.020000,-0.405245,0.000000,1.000000
-1.625000,10.000000,-0.010000,-0.506919,0.000000,1.000000
-1.625000,50.000000,-0.020000,nan,0.000000,5.000000
-1.625000,50.000000,-0.010000,nan,0.000000,5.000000
-1.625000,10.000000,-0.030000,-0.286631,0.000000,1.000000
-1.625000,10.000000,0.020000,-0.675774,0.000000,1.000000
-1.625000,10.000000,0.030000,-0.715282,0.000000,1.000000
-1.625000,10.000000,-0.040000,-0.060489,0.000000,1.000000
-1.625000,10.000000,0.000000,-0.589751,0.000000,1.000000
-1.625000,10.000000,0.070000,-0.849521,0.000000,1.000000
-1.625000,10.000000,0.100000,-0.938213,0.000000,1.000000
-1.625000,10.000000,0.080000,-0.881648,0.000000,1.000000
-1.625000,10.000000,0.040000,-0.751540,0.000000,1.000000
-1.875000,100.000000,0.050000,-2.065431,0.000000,1.000000
-1.625000,10.000000,0.010000,-0.637574,0.000000,1.000000
-1.875000,100.000000,0.000000,-0.494435,0.000000,1.000000
-1.875000,100.000000,0.010000,-0.968073,0.000000,1.000000
-1.625000,10.000000,0.050000,-0.784996,0.000000,1.000000
-1.625000,10.000000,0.090000,-0.911091,0.000000,1.000000
-1.625000,10.000000,0.060000,-0.817503,0.000000,1.000000
-1.625000,25.000000,0.000000,-0.583185,0.000000,1.000000
-1.625000,25.000000,0.020000,-0.803615,0.000000,1.000000
-1.875000,100.000000,0.040000,-1.841036,0.000000,1.000000
-1.625000,100.000000,-0.090000,nan,0.000000,5.000000
-1.625000,100.000000,-0.080000,nan,0.000000,5.000000
-1.625000,25.000000,-0.010000,-0.331334,0.000000,1.000000
-1.625000,100.000000,-0.100000,nan,0.000000,5.000000
-1.625000,100.000000,-0.070000,nan,0.000000,5.000000
-1.875000,100.000000,0.030000,-1.589353,0.000000,1.000000
-1.625000,100.000000,-0.060000,nan,0.000000,5.000000
-1.625000,25.000000,0.030000,-0.888502,0.000000,1.000000
-1.625000,25.000000,0.050000,-1.042869,0.000000,1.000000
-1.625000,25.000000,0.060000,-1.115953,0.000000,1.000000
-1.625000,25.000000,0.090000,-1.305131,0.000000,1.000000
-1.625000,25.000000,0.040000,-0.969624,0.000000,1.000000
-1.625000,25.000000,0.080000,-1.243468,0.000000,1.000000
-1.625000,25.000000,0.010000,-0.703287,0.000000,1.000000
-1.625000,25.000000,0.100000,-1.363499,0.000000,1.000000
-1.625000,25.000000,0.070000,-1.179838,0.000000,1.000000
-1.875000,100.000000,0.020000,-1.302531,0.000000,1.000000
-1.875000,100.000000,0.070000,-2.493777,0.000000,1.000000
-1.875000,100.000000,0.080000,-2.688285,0.000000,1.000000
-1.375000,10.000000,-0.100000,nan,0.000000,5.000000
-1.875000,100.000000,0.060000,-2.287725,0.000000,1.000000
-1.875000,100.000000,0.090000,-2.874747,0.000000,1.000000
-1.375000,10.000000,-0.090000,nan,0.000000,5.000000
-1.875000,100.000000,0.100000,-3.050936,0.000000,1.000000
-1.625000,100.000000,-0.010000,nan,0.000000,5.000000
-1.625000,50.000000,0.010000,-0.801416,0.000000,1.000000
-1.375000,10.000000,-0.080000,nan,0.000000,5.000000
-1.625000,100.000000,-0.040000,nan,0.000000,5.000000
-1.625000,100.000000,-0.030000,nan,0.000000,5.000000
-1.625000,50.000000,0.080000,-1.705047,0.000000,1.000000
-1.625000,100.000000,-0.050000,nan,0.000000,5.000000
-1.375000,10.000000,-0.070000,nan,0.000000,5.000000
-1.625000,50.000000,0.030000,-1.125559,0.000000,1.000000
-1.625000,50.000000,0.000000,-0.576724,0.000000,1.000000
-1.375000,10.000000,-0.060000,nan,0.000000,5.000000
-1.625000,50.000000,0.070000,-1.601030,0.000000,1.000000
-1.625000,50.000000,0.050000,-1.381484,0.000000,1.000000
-1.625000,100.000000,-0.020000,nan,0.000000,5.000000
-1.625000,50.000000,0.040000,-1.258548,0.000000,1.000000
-1.625000,50.000000,0.020000,-0.977127,0.000000,1.000000
-1.625000,50.000000,0.090000,-1.804114,0.000000,1.000000
-1.625000,50.000000,0.100000,-1.901202,0.000000,1.000000
-1.625000,50.000000,0.060000,-1.498651,0.000000,1.000000
-1.375000,25.000000,-0.090000,nan,0.000000,5.000000
-1.375000,25.000000,-0.060000,nan,0.000000,5.000000
-1.375000,25.000000,-0.080000,nan,0.000000,5.000000
-1.375000,25.000000,-0.070000,nan,0.000000,5.000000
-1.375000,25.000000,-0.030000,nan,0.000000,5.000000
-1.375000,25.000000,-0.100000,nan,0.000000,5.000000
-1.375000,25.000000,-0.050000,nan,0.000000,5.000000
-1.375000,10.000000,-0.050000,nan,0.000000,5.000000
-1.375000,25.000000,-0.040000,nan,0.000000,5.000000
-1.375000,25.000000,-0.020000,nan,0.000000,5.000000
-1.375000,10.000000,-0.040000,-0.248717,0.000000,1.000000
-1.375000,50.000000,-0.090000,nan,0.000000,5.000000
-1.375000,50.000000,-0.070000,nan,0.000000,5.000000
-1.375000,50.000000,-0.100000,nan,0.000000,5.000000
-1.375000,50.000000,-0.080000,nan,0.000000,5.000000
-1.375000,50.000000,-0.060000,nan,0.000000,5.000000
-1.375000,10.000000,-0.020000,-0.493900,0.000000,1.000000
-1.375000,50.000000,-0.050000,nan,0.000000,5.000000
-1.375000,50.000000,-0.030000,nan,0.000000,5.000000
-1.375000,50.000000,-0.040000,nan,0.000000,5.000000
-1.375000,10.000000,0.000000,-0.650377,0.000000,1.000000
-1.375000,50.000000,-0.020000,nan,0.000000,5.000000
-1.625000,100.000000,0.010000,-0.972953,0.000000,1.000000
-1.375000,10.000000,0.020000,-0.724506,0.000000,1.000000
-1.375000,10.000000,0.010000,-0.689987,0.000000,1.000000
-1.375000,10.000000,0.060000,-0.844671,0.000000,1.000000
-1.375000,10.000000,0.080000,-0.894714,0.000000,1.000000
-1.375000,10.000000,-0.010000,-0.578505,0.000000,1.000000
-1.375000,10.000000,-0.030000,-0.392317,0.000000,1.000000
-1.625000,100.000000,0.030000,-1.505547,0.000000,1.000000
-1.375000,10.000000,0.030000,-0.754542,0.000000,1.000000
-1.375000,10.000000,0.070000,-0.869856,0.000000,1.000000
-1.375000,50.000000,-0.010000,nan,0.000000,5.000000
-1.375000,10.000000,0.050000,-0.815051,0.000000,1.000000
-1.375000,10.000000,0.090000,-0.920032,0.000000,1.000000
-1.625000,100.000000,0.020000,-1.258118,0.000000,1.000000
-1.375000,10.000000,0.100000,-0.943996,0.000000,1.000000
-1.375000,10.000000,0.040000,-0.786528,0.000000,1.000000
-1.625000,100.000000,0.090000,-2.580359,0.000000,1.000000
-1.375000,25.000000,-0.010000,-0.424876,0.000000,1.000000
-1.375000,25.000000,0.000000,-0.646918,0.000000,1.000000
-1.625000,100.000000,0.000000,-0.566375,0.000000,1.000000
-1.625000,100.000000,0.100000,-2.727015,0.000000,1.000000
-1.375000,25.000000,0.020000,-0.829207,0.000000,1.000000
-1.375000,100.000000,-0.090000,nan,0.000000,5.000000
-1.375000,25.000000,0.030000,-0.903696,0.000000,1.000000
-1.375000,25.000000,0.040000,-0.972821,0.000000,1.000000
-1.625000,100.000000,0.040000,-1.715237,0.000000,1.000000
-1.375000,25.000000,0.090000,-1.253174,0.000000,1.000000
-1.375000,100.000000,-0.100000,nan,0.000000,5.000000
-1.625000,100.000000,0.050000,-1.914575,0.000000,1.000000
-1.375000,25.000000,0.060000,-1.094561,0.000000,1.000000
-1.375000,100.000000,-0.080000,nan,0.000000,5.000000
-1.375000,25.000000,0.010000,-0.745343,0.000000,1.000000
-1.375000,100.000000,-0.070000,nan,0.000000,5.000000
-1.375000,25.000000,0.050000,-1.034132,0.000000,1.000000
-1.625000,100.000000,0.080000,-2.427409,0.000000,1.000000
-1.625000,100.000000,0.070000,-2.263609,0.000000,1.000000
-1.625000,100.000000,0.060000,-2.092993,0.000000,1.000000
-1.375000,25.000000,0.100000,-1.301409,0.000000,1.000000
-1.375000,25.000000,0.080000,-1.201973,0.000000,1.000000
-1.375000,25.000000,0.070000,-1.150754,0.000000,1.000000
-1.375000,100.000000,-0.060000,nan,0.000000,5.000000
-1.125000,10.000000,-0.100000,nan,0.000000,5.000000
-1.125000,10.000000,-0.090000,nan,0.000000,5.000000
-1.125000,10.000000,-0.070000,nan,0.000000,5.000000
-1.125000,10.000000,-0.080000,nan,0.000000,5.000000
-1.375000,100.000000,-0.050000,nan,0.000000,5.000000
-1.375000,100.000000,-0.040000,nan,0.000000,5.000000
-1.375000,100.000000,-0.020000,nan,0.000000,5.000000
-1.125000,10.000000,-0.060000,nan,0.000000,5.000000
-1.375000,100.000000,-0.030000,nan,0.000000,5.000000
-1.375000,50.000000,0.010000,-0.828811,0.000000,1.000000
-1.375000,50.000000,0.020000,-0.978134,0.000000,1.000000
-1.375000,50.000000,0.000000,-0.645563,0.000000,1.000000
-1.375000,50.000000,0.030000,-1.104556,0.000000,1.000000
-1.375000,50.000000,0.070000,-1.505813,0.000000,1.000000
-1.375000,50.000000,0.100000,-1.746696,0.000000,1.000000
-1.375000,50.000000,0.050000,-1.319939,0.000000,1.000000
-1.375000,100.000000,-0.010000,nan,0.000000,5.000000
-1.375000,50.000000,0.060000,-1.414366,0.000000,1.000000
-1.125000,25.000000,-0.070000,nan,0.000000,5.000000
-1.125000,25.000000,-0.060000,nan,0.000000,5.000000
-1.375000,50.000000,0.080000,-1.586901,0.000000,1.000000
-1.375000,50.000000,0.040000,-1.217584,0.000000,1.000000
-1.125000,25.000000,-0.050000,nan,0.000000,5.000000
-1.375000,50.000000,0.090000,-1.667205,0.000000,1.000000
-1.125000,25.000000,-0.100000,nan,0.000000,5.000000
-1.125000,25.000000,-0.090000,nan,0.000000,5.000000
-1.125000,25.000000,-0.080000,nan,0.000000,5.000000
-1.125000,25.000000,-0.040000,nan,0.000000,5.000000
-1.125000,25.000000,-0.030000,nan,0.000000,5.000000
-1.125000,50.000000,-0.100000,nan,0.000000,5.000000
-1.125000,10.000000,-0.040000,-0.389368,0.000000,1.000000
-1.125000,50.000000,-0.090000,nan,0.000000,5.000000
-1.125000,50.000000,-0.060000,nan,0.000000,5.000000
-1.125000,10.000000,-0.020000,-0.577683,0.000000,1.000000
-1.125000,50.000000,-0.030000,nan,0.000000,5.000000
-1.125000,50.000000,-0.080000,nan,0.000000,5.000000
-1.125000,10.000000,-0.050000,-0.253918,0.000000,1.000000
-1.125000,50.000000,-0.050000,nan,0.000000,5.000000
-1.125000,50.000000,-0.040000,nan,0.000000,5.000000
-1.125000,10.000000,-0.030000,-0.492433,0.000000,1.000000
-1.125000,10.000000,0.030000,-0.798804,0.000000,1.000000
-1.125000,50.000000,-0.070000,nan,0.000000,5.000000
-1.125000,50.000000,-0.020000,nan,0.000000,5.000000
-1.375000,100.000000,0.000000,-0.626658,0.000000,1.000000
-1.125000,10.000000,0.040000,-0.822509,0.000000,1.000000
-1.125000,10.000000,-0.010000,-0.651554,0.000000,1.000000
-1.375000,100.000000,0.040000,-1.596642,0.000000,1.000000
-1.375000,100.000000,0.050000,-1.758664,0.000000,1.000000
-1.125000,10.000000,0.010000,-0.744840,0.000000,1.000000
-1.125000,10.000000,0.000000,-0.713858,0.000000,1.000000
-1.125000,10.000000,0.020000,-0.772919,0.000000,1.000000
-1.125000,10.000000,0.070000,-0.890754,0.000000,1.000000
-1.125000,10.000000,0.050000,-0.845902,0.000000,1.000000
-1.375000,100.000000,0.080000,-2.170501,0.000000,1.000000
-1.125000,10.000000,0.060000,-0.867880,0.000000,1.000000
-1.125000,10.000000,0.080000,-0.909093,0.000000,1.000000
-1.375000,100.000000,0.030000,-1.422698,0.000000,1.000000
-1.125000,10.000000,0.090000,-0.929490,0.000000,1.000000
-1.125000,10.000000,0.100000,-0.949058,0.000000,1.000000
-1.375000,100.000000,0.070000,-2.043094,0.000000,1.000000
-1.125000,25.000000,-0.010000,-0.522356,0.000000,1.000000
-1.375000,100.000000,0.010000,-0.974145,0.000000,1.000000
-1.125000,25.000000,0.000000,-0.709492,0.000000,1.000000
-1.125000,25.000000,0.010000,-0.793741,0.000000,1.000000
-1.125000,100.000000,-0.100000,nan,0.000000,5.000000
-1.125000,25.000000,0.030000,-0.918841,0.000000,1.000000
-1.375000,100.000000,0.060000,-1.905883,0.000000,1.000000
-1.125000,25.000000,-0.020000,-0.180801,0.000000,1.000000
-1.375000,100.000000,0.020000,-1.220293,0.000000,1.000000
-1.125000,25.000000,0.050000,-1.026833,0.000000,1.000000
-1.125000,100.000000,-0.090000,nan,0.000000,5.000000
-1.375000,100.000000,0.090000,-2.297164,0.000000,1.000000
-1.375000,100.000000,0.100000,-2.416297,0.000000,1.000000
-1.125000,25.000000,0.070000,-1.120108,0.000000,1.000000
-1.125000,25.000000,0.100000,-1.240481,0.000000,1.000000
-1.125000,25.000000,0.020000,-0.856565,0.000000,1.000000
-1.125000,100.000000,-0.080000,nan,0.000000,5.000000
-1.125000,25.000000,0.040000,-0.975169,0.000000,1.000000
-1.125000,25.000000,0.080000,-1.162172,0.000000,1.000000
-1.125000,25.000000,0.060000,-1.075462,0.000000,1.000000
-1.125000,25.000000,0.090000,-1.203686,0.000000,1.000000
-1.125000,100.000000,-0.070000,nan,0.000000,5.000000
-1.125000,100.000000,-0.030000,nan,0.000000,5.000000
-1.125000,100.000000,-0.020000,nan,0.000000,5.000000
-0.875000,10.000000,-0.090000,nan,0.000000,5.000000
-1.125000,100.000000,-0.060000,nan,0.000000,5.000000
-0.875000,10.000000,-0.080000,nan,0.000000,5.000000
-0.875000,10.000000,-0.100000,nan,0.000000,5.000000
-1.125000,100.000000,-0.050000,nan,0.000000,5.000000
-1.125000,50.000000,-0.010000,-0.159093,0.000000,1.000000
-1.125000,100.000000,-0.040000,nan,0.000000,5.000000
-1.125000,100.000000,-0.010000,nan,0.000000,5.000000
-1.125000,50.000000,0.020000,-0.982460,0.000000,1.000000
-1.125000,50.000000,0.040000,-1.174100,0.000000,1.000000
-1.125000,50.000000,0.060000,-1.335436,0.000000,1.000000
-1.125000,50.000000,0.010000,-0.859849,0.000000,1.000000
-1.125000,50.000000,0.030000,-1.085088,0.000000,1.000000
-0.875000,10.000000,-0.070000,nan,0.000000,5.000000
-1.125000,50.000000,0.070000,-1.402604,0.000000,1.000000
-1.125000,50.000000,0.090000,-1.534529,0.000000,1.000000
-0.875000,25.000000,-0.080000,nan,0.000000,5.000000
-1.125000,50.000000,0.100000,-1.595909,0.000000,1.000000
-0.875000,25.000000,-0.090000,nan,0.000000,5.000000
-1.125000,50.000000,0.080000,-1.472100,0.000000,1.000000
-0.875000,25.000000,-0.100000,nan,0.000000,5.000000
-0.875000,25.000000,-0.070000,nan,0.000000,5.000000
-1.125000,50.000000,0.000000,-0.710810,0.000000,1.000000
-0.875000,25.000000,-0.040000,nan,0.000000,5.000000
-0.875000,25.000000,-0.050000,nan,0.000000,5.000000
-1.125000,50.000000,0.050000,-1.259273,0.000000,1.000000
-0.875000,25.000000,-0.030000,nan,0.000000,5.000000
-0.875000,25.000000,-0.060000,nan,0.000000,5.000000
-0.875000,50.000000,-0.080000,nan,0.000000,5.000000
-0.875000,50.000000,-0.090000,nan,0.000000,5.000000
-0.875000,50.000000,-0.100000,nan,0.000000,5.000000
-0.875000,50.000000,-0.060000,nan,0.000000,5.000000
-0.875000,50.000000,-0.050000,nan,0.000000,5.000000
-0.875000,50.000000,-0.070000,nan,0.000000,5.000000
-0.875000,50.000000,-0.040000,nan,0.000000,5.000000
-0.875000,50.000000,-0.030000,nan,0.000000,5.000000
-0.875000,10.000000,-0.040000,-0.506801,0.000000,1.000000
-0.875000,10.000000,-0.050000,-0.407281,0.000000,1.000000
-0.875000,50.000000,-0.020000,nan,0.000000,5.000000
-0.875000,10.000000,-0.060000,-0.279191,0.000000,1.000000
-0.875000,10.000000,0.030000,-0.841225,0.000000,1.000000
-0.875000,10.000000,-0.030000,-0.588916,0.000000,1.000000
-0.875000,10.000000,0.010000,-0.799962,0.000000,1.000000
-1.125000,100.000000,0.020000,-1.179875,0.000000,1.000000
-0.875000,10.000000,0.060000,-0.894262,0.000000,1.000000
-0.875000,10.000000,-0.010000,-0.723429,0.000000,1.000000
-0.875000,10.000000,0.050000,-0.876896,0.000000,1.000000
-1.125000,100.000000,0.030000,-1.341799,0.000000,1.000000
-1.125000,100.000000,0.010000,-0.981732,0.000000,1.000000
-0.875000,10.000000,0.020000,-0.820084,0.000000,1.000000
-0.875000,10.000000,0.080000,-0.925548,0.000000,1.000000
-1.125000,100.000000,0.000000,-0.704971,0.000000,1.000000
-0.875000,10.000000,0.040000,-0.859874,0.000000,1.000000
-1.125000,100.000000,0.050000,-1.608008,0.000000,1.000000
-0.875000,10.000000,-0.020000,-0.658076,0.000000,1.000000
-0.875000,10.000000,0.090000,-0.939754,0.000000,1.000000
-0.875000,10.000000,0.000000,-0.775672,0.000000,1.000000
-0.875000,10.000000,0.100000,-0.954943,0.000000,1.000000
-0.875000,10.000000,0.070000,-0.909348,0.000000,1.000000
-1.125000,100.000000,0.040000,-1.480122,0.000000,1.000000
-1.125000,100.000000,0.070000,-1.831410,0.000000,1.000000
-1.125000,100.000000,0.100000,-2.119051,0.000000,1.000000
-1.125000,100.000000,0.080000,-1.929381,0.000000,1.000000
-1.125000,100.000000,0.060000,-1.724113,0.000000,1.000000
-0.875000,25.000000,-0.010000,-0.612946,0.000000,1.000000
-0.875000,25.000000,0.010000,-0.837678,0.000000,1.000000
-0.875000,25.000000,0.000000,-0.775503,0.000000,1.000000
-0.875000,100.000000,-0.100000,nan,0.000000,5.000000
-0.875000,25.000000,0.020000,-0.890829,0.000000,1.000000
-1.125000,100.000000,0.090000,-2.026438,0.000000,1.000000
-0.875000,25.000000,-0.020000,-0.367424,0.000000,1.000000
-0.875000,100.000000,-0.090000,nan,0.000000,5.000000
-0.875000,25.000000,0.050000,-1.017127,0.000000,1.000000
-0.875000,25.000000,0.060000,-1.053439,0.000000,1.000000
-0.875000,25.000000,0.100000,-1.182302,0.000000,1.000000
-0.875000,25.000000,0.080000,-1.121479,0.000000,1.000000
-0.875000,25.000000,0.040000,-0.978945,0.000000,1.000000
-0.625000,10.000000,-0.100000,nan,0.000000,5.000000
-0.875000,100.000000,-0.080000,nan,0.000000,5.000000
-0.875000,25.000000,0.030000,-0.935292,0.000000,1.000000
-0.875000,25.000000,0.070000,-1.089733,0.000000,1.000000
-0.625000,10.000000,-0.090000,nan,0.000000,5.000000
-0.875000,100.000000,-0.070000,nan,0.000000,5.000000
-0.875000,100.000000,-0.060000,nan,0.000000,5.000000
-0.875000,25.000000,0.090000,-1.152259,0.000000,1.000000
-0.875000,100.000000,-0.040000,nan,0.000000,5.000000
-0.875000,100.000000,-0.050000,nan,0.000000,5.000000
-0.875000,100.000000,-0.010000,nan,0.000000,5.000000
-0.875000,100.000000,-0.030000,nan,0.000000,5.000000
-0.875000,100.000000,-0.020000,nan,0.000000,5.000000
-0.875000,50.000000,0.010000,-0.891895,0.000000,1.000000
-0.875000,50.000000,-0.010000,-0.357758,0.000000,1.000000
-0.875000,50.000000,0.080000,-1.358557,0.000000,1.000000
-0.625000,25.000000,-0.090000,nan,0.000000,5.000000
-0.875000,50.000000,0.020000,-0.984924,0.000000,1.000000
-0.875000,50.000000,0.000000,-0.770629,0.000000,1.000000
-0.875000,50.000000,0.070000,-1.305139,0.000000,1.000000
-0.625000,25.000000,-0.100000,nan,0.000000,5.000000
-0.625000,25.000000,-0.080000,nan,0.000000,5.000000
-0.625000,25.000000,-0.070000,nan,0.000000,5.000000
-0.875000,50.000000,0.060000,-1.254499,0.000000,1.000000
-0.875000,50.000000,0.030000,-1.064813,0.000000,1.000000
-0.875000,50.000000,0.050000,-1.196991,0.000000,1.000000
-0.625000,25.000000,-0.050000,nan,0.000000,5.000000
-0.875000,50.000000,0.100000,-1.451317,0.000000,1.000000
-0.875000,50.000000,0.040000,-1.133888,0.000000,1.000000
-0.875000,50.000000,0.090000,-1.404860,0.000000,1.000000
-0.625000,25.000000,-0.040000,nan,0.000000,5.000000
-0.625000,25.000000,-0.060000,nan,0.000000,5.000000
-0.625000,10.000000,-0.080000,-0.108297,0.000000,1.000000
-0.625000,50.000000,-0.090000,nan,0.000000,5.000000
-0.625000,50.000000,-0.100000,nan,0.000000,5.000000
-0.625000,10.000000,-0.040000,-0.614814,0.000000,1.000000
-0.625000,50.000000,-0.080000,nan,0.000000,5.000000
-0.625000,50.000000,-0.060000,nan,0.000000,5.000000
-0.625000,50.000000,-0.040000,nan,0.000000,5.000000
-0.625000,10.000000,-0.070000,-0.322657,0.000000,1.000000
-0.625000,50.000000,-0.020000,nan,0.000000,5.000000
-0.625000,10.000000,-0.030000,-0.679996,0.000000,1.000000
-0.625000,50.000000,-0.050000,nan,0.000000,5.000000
-0.625000,50.000000,-0.070000,nan,0.000000,5.000000
-0.625000,10.000000,0.030000,-0.883551,0.000000,1.000000
-0.625000,10.000000,-0.060000,-0.447086,0.000000,1.000000
-0.625000,10.000000,-0.020000,-0.741220,0.000000,1.000000
-0.625000,10.000000,0.010000,-0.856668,0.000000,1.000000
-0.625000,10.000000,0.020000,-0.870007,0.000000,1.000000
-0.625000,10.000000,0.070000,-0.929462,0.000000,1.000000
-0.625000,10.000000,-0.050000,-0.539375,0.000000,1.000000
-0.625000,50.000000,-0.030000,nan,0.000000,5.000000
-0.625000,10.000000,-0.010000,-0.791723,0.000000,1.000000
-0.625000,10.000000,0.040000,-0.895182,0.000000,1.000000
-0.625000,10.000000,0.050000,-0.907548,0.000000,1.000000
-0.625000,10.000000,0.090000,-0.950549,0.000000,1.000000
-0.875000,100.000000,0.000000,-0.767611,0.000000,1.000000
-0.625000,10.000000,0.060000,-0.918705,0.000000,1.000000
-0.625000,10.000000,0.100000,-0.960324,0.000000,1.000000
-0.625000,10.000000,0.000000,-0.842215,0.000000,1.000000
-0.625000,10.000000,0.080000,-0.939820,0.000000,1.000000
-0.875000,100.000000,0.020000,-1.135647,0.000000,1.000000
-0.875000,100.000000,0.010000,-0.984738,0.000000,1.000000
-0.875000,100.000000,0.040000,-1.366187,0.000000,1.000000
-0.875000,100.000000,0.080000,-1.699267,0.000000,1.000000
-0.875000,100.000000,0.060000,-1.547461,0.000000,1.000000
-0.875000,100.000000,0.070000,-1.625618,0.000000,1.000000
-0.875000,100.000000,0.050000,-1.461171,0.000000,1.000000
-0.875000,100.000000,0.090000,-1.767952,0.000000,1.000000
-0.625000,25.000000,-0.030000,-0.105395,0.000000,1.000000
-0.625000,25.000000,-0.010000,-0.699904,0.000000,1.000000
-0.625000,25.000000,0.000000,-0.838016,0.000000,1.000000
-0.625000,25.000000,0.010000,-0.882058,0.000000,1.000000
-0.625000,25.000000,0.020000,-0.920238,0.000000,1.000000
-0.875000,100.000000,0.100000,-1.835480,0.000000,1.000000
-0.875000,100.000000,0.030000,-1.258914,0.000000,1.000000
-0.625000,25.000000,0.050000,-1.009277,0.000000,1.000000
-0.625000,25.000000,0.040000,-0.981020,0.000000,1.000000
-0.625000,25.000000,0.070000,-1.059337,0.000000,1.000000
-0.625000,25.000000,0.090000,-1.102352,0.000000,1.000000
-0.625000,25.000000,0.080000,-1.081149,0.000000,1.000000
-0.625000,25.000000,0.060000,-1.034669,0.000000,1.000000
-0.625000,25.000000,0.030000,-0.951777,0.000000,1.000000
-0.625000,25.000000,-0.020000,-0.511872,0.000000,1.000000
-0.625000,25.000000,0.100000,-1.121885,0.000000,1.000000
-0.625000,100.000000,-0.090000,nan,0.000000,5.000000
-0.625000,100.000000,-0.030000,nan,0.000000,5.000000
-0.375000,10.000000,-0.100000,nan,0.000000,5.000000
-0.625000,100.000000,-0.060000,nan,0.000000,5.000000
-0.625000,100.000000,-0.040000,nan,0.000000,5.000000
-0.625000,100.000000,-0.100000,nan,0.000000,5.000000
-0.625000,100.000000,-0.080000,nan,0.000000,5.000000
-0.625000,100.000000,-0.020000,nan,0.000000,5.000000
-0.625000,100.000000,-0.050000,nan,0.000000,5.000000
-0.625000,100.000000,-0.010000,nan,0.000000,5.000000
-0.625000,100.000000,-0.070000,nan,0.000000,5.000000
-0.625000,50.000000,0.020000,-0.987257,0.000000,1.000000
-0.625000,50.000000,0.010000,-0.921429,0.000000,1.000000
-0.625000,50.000000,0.060000,-1.176457,0.000000,1.000000
-0.625000,50.000000,-0.010000,-0.499687,0.000000,1.000000
-0.625000,50.000000,0.000000,-0.835070,0.000000,1.000000
-0.625000,50.000000,0.090000,-1.280026,0.000000,1.000000
-0.625000,50.000000,0.030000,-1.043284,0.000000,1.000000
-0.375000,25.000000,-0.100000,nan,0.000000,5.000000
-0.625000,50.000000,0.040000,-1.091619,0.000000,1.000000
-0.625000,50.000000,0.050000,-1.135775,0.000000,1.000000
-0.375000,25.000000,-0.080000,nan,0.000000,5.000000
-0.375000,25.000000,-0.070000,nan,0.000000,5.000000
-0.375000,25.000000,-0.090000,nan,0.000000,5.000000
-0.375000,25.000000,-0.050000,nan,0.000000,5.000000
-0.625000,50.000000,0.080000,-1.247192,0.000000,1.000000
-0.625000,50.000000,0.070000,-1.212856,0.000000,1.000000
-0.375000,25.000000,-0.060000,nan,0.000000,5.000000
-0.375000,25.000000,-0.040000,nan,0.000000,5.000000
-0.625000,50.000000,0.100000,-1.310464,0.000000,1.000000
-0.375000,10.000000,-0.090000,-0.248988,0.000000,1.000000
-0.375000,10.000000,-0.060000,-0.589934,0.000000,1.000000
-0.375000,10.000000,-0.050000,-0.659245,0.000000,1.000000
-0.375000,10.000000,-0.080000,-0.411546,0.000000,1.000000
-0.375000,50.000000,-0.100000,nan,0.000000,5.000000
-0.375000,10.000000,-0.070000,-0.510300,0.000000,1.000000
-0.375000,50.000000,-0.080000,nan,0.000000,5.000000
-0.375000,10.000000,-0.030000,-0.772115,0.000000,1.000000
-0.375000,50.000000,-0.050000,nan,0.000000,5.000000
-0.375000,10.000000,-0.040000,-0.719295,0.000000,1.000000
-0.375000,50.000000,-0.060000,nan,0.000000,5.000000
-0.375000,50.000000,-0.090000,nan,0.000000,5.000000
-0.375000,50.000000,-0.040000,nan,0.000000,5.000000
-0.375000,50.000000,-0.030000,nan,0.000000,5.000000
-0.375000,10.000000,0.030000,-0.925462,0.000000,1.000000
-0.375000,50.000000,-0.070000,nan,0.000000,5.000000
-0.375000,10.000000,0.010000,-0.912758,0.000000,1.000000
-0.375000,10.000000,-0.010000,-0.864836,0.000000,1.000000
-0.375000,10.000000,0.000000,-0.904421,0.000000,1.000000
-0.375000,10.000000,-0.020000,-0.819784,0.000000,1.000000
-0.375000,10.000000,0.020000,-0.919561,0.000000,1.000000
-0.375000,10.000000,0.040000,-0.932906,0.000000,1.000000
-0.625000,100.000000,0.000000,-0.833467,0.000000,1.000000
-0.625000,100.000000,0.070000,-1.430682,0.000000,1.000000
-0.625000,100.000000,0.010000,-0.988590,0.000000,1.000000
-0.375000,10.000000,0.060000,-0.944696,0.000000,1.000000
-0.375000,50.000000,-0.020000,nan,0.000000,5.000000
-0.625000,100.000000,0.100000,-1.568845,0.000000,1.000000
-0.625000,100.000000,0.080000,-1.478439,0.000000,1.000000
-0.375000,10.000000,0.080000,-0.954529,0.000000,1.000000
-0.625000,100.000000,0.090000,-1.525683,0.000000,1.000000
-0.375000,10.000000,0.070000,-0.950087,0.000000,1.000000
-0.625000,100.000000,0.050000,-1.319904,0.000000,1.000000
-0.625000,100.000000,0.040000,-1.255247,0.000000,1.000000
-0.375000,10.000000,0.090000,-0.960704,0.000000,1.000000
-0.375000,10.000000,0.100000,-0.965770,0.000000,1.000000
-0.625000,100.000000,0.060000,-1.377811,0.000000,1.000000
-0.625000,100.000000,0.030000,-1.181819,0.000000,1.000000
-0.375000,10.000000,0.050000,-0.938552,0.000000,1.000000
-0.625000,100.000000,0.020000,-1.096090,0.000000,1.000000
-0.375000,25.000000,-0.030000,-0.415525,0.000000,1.000000
-0.375000,25.000000,-0.010000,-0.787850,0.000000,1.000000
-0.375000,25.000000,-0.020000,-0.633270,0.000000,1.000000
-0.375000,25.000000,0.030000,-0.967214,0.000000,1.000000
-0.375000,25.000000,0.000000,-0.901962,0.000000,1.000000
-0.375000,25.000000,0.010000,-0.927854,0.000000,1.000000
-0.375000,25.000000,0.050000,-0.999785,0.000000,1.000000
-0.375000,25.000000,0.020000,-0.948026,0.000000,1.000000
-0.375000,25.000000,0.060000,-1.014160,0.000000,1.000000
-0.375000,25.000000,0.040000,-0.984436,0.000000,1.000000
-0.375000,25.000000,0.090000,-1.053275,0.000000,1.000000
-0.375000,25.000000,0.070000,-1.028227,0.000000,1.000000
-0.375000,100.000000,-0.070000,nan,0.000000,5.000000
-0.375000,100.000000,-0.090000,nan,0.000000,5.000000
-0.375000,100.000000,-0.020000,nan,0.000000,5.000000
-0.375000,25.000000,0.100000,-1.064687,0.000000,1.000000
-0.375000,100.000000,-0.100000,nan,0.000000,5.000000
-0.375000,100.000000,-0.030000,nan,0.000000,5.000000
-0.375000,100.000000,-0.050000,nan,0.000000,5.000000
-0.375000,100.000000,-0.080000,nan,0.000000,5.000000
-0.375000,100.000000,-0.040000,nan,0.000000,5.000000
-0.375000,25.000000,0.080000,-1.040944,0.000000,1.000000
-0.375000,100.000000,-0.060000,nan,0.000000,5.000000
-0.375000,50.000000,-0.010000,-0.631275,0.000000,1.000000
-0.375000,50.000000,0.010000,-0.951304,0.000000,1.000000
-0.375000,100.000000,-0.010000,nan,0.000000,5.000000
-0.375000,50.000000,0.020000,-0.990116,0.000000,1.000000
-0.125000,25.000000,-0.090000,nan,0.000000,5.000000
-0.375000,50.000000,0.070000,-1.120628,0.000000,1.000000
-0.375000,50.000000,0.040000,-1.050664,0.000000,1.000000
-0.125000,25.000000,-0.100000,nan,0.000000,5.000000
-0.125000,25.000000,-0.070000,nan,0.000000,5.000000
-0.375000,50.000000,0.060000,-1.098941,0.000000,1.000000
-0.375000,50.000000,0.000000,-0.901934,0.000000,1.000000
-0.125000,25.000000,-0.060000,nan,0.000000,5.000000
-0.375000,50.000000,0.050000,-1.075868,0.000000,1.000000
-0.125000,25.000000,-0.080000,nan,0.000000,5.000000
-0.375000,50.000000,0.030000,-1.022161,0.000000,1.000000
-0.375000,50.000000,0.080000,-1.139425,0.000000,1.000000
-0.125000,25.000000,-0.050000,nan,0.000000,5.000000
-0.375000,50.000000,0.090000,-1.158347,0.000000,1.000000
-0.125000,50.000000,-0.090000,nan,0.000000,5.000000
-0.125000,10.000000,-0.070000,-0.667387,0.000000,1.000000
-0.125000,10.000000,-0.090000,-0.519778,0.000000,1.000000
-0.125000,10.000000,-0.030000,-0.859704,0.000000,1.000000
-0.125000,50.000000,-0.080000,nan,0.000000,5.000000
-0.125000,50.000000,-0.100000,nan,0.000000,5.000000
-0.125000,10.000000,-0.060000,-0.720118,0.000000,1.000000
-0.125000,10.000000,0.000000,-0.967619,0.000000,1.000000
-0.375000,50.000000,0.100000,-1.174600,0.000000,1.000000
-0.125000,10.000000,0.030000,-0.968849,0.000000,1.000000
-0.125000,10.000000,-0.050000,-0.772663,0.000000,1.000000
-0.125000,10.000000,0.020000,-0.967746,0.000000,1.000000
-0.125000,10.000000,-0.040000,-0.819402,0.000000,1.000000
-0.125000,50.000000,-0.050000,nan,0.000000,5.000000
-0.125000,10.000000,-0.020000,-0.898894,0.000000,1.000000
-0.125000,10.000000,-0.080000,-0.601134,0.000000,1.000000
-0.125000,10.000000,-0.100000,-0.419427,0.000000,1.000000
-0.125000,10.000000,0.010000,-0.967187,0.000000,1.000000
-0.125000,10.000000,0.070000,-0.969735,0.000000,1.000000
-0.125000,10.000000,-0.010000,-0.935496,0.000000,1.000000
-0.125000,10.000000,0.040000,-0.969232,0.000000,1.000000
-0.125000,50.000000,-0.060000,nan,0.000000,5.000000
-0.125000,50.000000,-0.040000,nan,0.000000,5.000000
-0.125000,50.000000,-0.070000,nan,0.000000,5.000000
-0.125000,10.000000,0.060000,-0.969951,0.000000,1.000000
-0.125000,10.000000,0.080000,-0.970304,0.000000,1.000000
-0.125000,50.000000,-0.030000,nan,0.000000,5.000000
-0.375000,100.000000,0.000000,-0.897525,0.000000,1.000000
-0.125000,10.000000,0.090000,-0.970882,0.000000,1.000000
-0.125000,10.000000,0.050000,-0.969541,0.000000,1.000000
-0.375000,100.000000,0.040000,-1.146868,0.000000,1.000000
-0.125000,10.000000,0.100000,-0.970440,0.000000,1.000000
-0.375000,100.000000,0.030000,-1.104841,0.000000,1.000000
-0.125000,25.000000,-0.030000,-0.598488,0.000000,1.000000
-0.375000,100.000000,0.020000,-1.054776,0.000000,1.000000
-0.125000,25.000000,-0.040000,-0.327264,0.000000,1.000000
-0.125000,25.000000,0.000000,-0.966333,0.000000,1.000000
-0.375000,100.000000,0.080000,-1.272607,0.000000,1.000000
-0.125000,25.000000,0.010000,-0.972648,0.000000,1.000000
-0.125000,25.000000,-0.020000,-0.757178,0.000000,1.000000
-0.375000,100.000000,0.010000,-0.990870,0.000000,1.000000
-0.125000,100.000000,-0.100000,nan,0.000000,5.000000
-0.125000,25.000000,0.020000,-0.977411,0.000000,1.000000
-0.125000,25.000000,0.050000,-0.990690,0.000000,1.000000
-0.125000,25.000000,-0.010000,-0.872816,0.000000,1.000000
-0.375000,100.000000,0.050000,-1.183584,0.000000,1.000000
-0.375000,100.000000,0.070000,-1.245794,0.000000,1.000000
-0.375000,100.000000,0.060000,-1.216278,0.000000,1.000000
-0.375000,100.000000,0.100000,-1.321209,0.000000,1.000000
-0.125000,25.000000,0.030000,-0.982638,0.000000,1.000000
-0.125000,25.000000,0.040000,-0.986788,0.000000,1.000000
-0.125000,100.000000,-0.070000,nan,0.000000,5.000000
-0.375000,100.000000,0.090000,-1.297638,0.000000,1.000000
-0.125000,100.000000,-0.090000,nan,0.000000,5.000000
-0.125000,25.000000,0.070000,-0.997807,0.000000,1.000000
-0.125000,25.000000,0.080000,-1.001231,0.000000,1.000000
-0.125000,100.000000,-0.040000,nan,0.000000,5.000000
-0.125000,100.000000,-0.060000,nan,0.000000,5.000000
-0.125000,100.000000,-0.080000,nan,0.000000,5.000000
-0.125000,100.000000,-0.030000,nan,0.000000,5.000000
-0.125000,25.000000,0.060000,-0.994763,0.000000,1.000000
-0.125000,100.000000,-0.020000,nan,0.000000,5.000000
-0.125000,100.000000,-0.050000,nan,0.000000,5.000000
-0.125000,50.000000,0.000000,-0.964399,0.000000,1.000000
-0.125000,25.000000,0.090000,-1.004245,0.000000,1.000000
-0.125000,50.000000,0.010000,-0.979973,0.000000,1.000000
-0.125000,25.000000,0.100000,-1.006323,0.000000,1.000000
-0.125000,50.000000,-0.010000,-0.750463,0.000000,1.000000
-0.125000,50.000000,0.040000,-1.009735,0.000000,1.000000
0.125000,25.000000,-0.080000,nan,0.000000,5.000000
-0.125000,50.000000,-0.020000,-0.283599,0.000000,1.000000
0.125000,25.000000,-0.070000,nan,0.000000,5.000000
0.125000,25.000000,-0.100000,nan,0.000000,5.000000
-0.125000,50.000000,0.030000,-1.001305,0.000000,1.000000
0.125000,25.000000,-0.060000,nan,0.000000,5.000000
0.125000,25.000000,-0.090000,nan,0.000000,5.000000
-0.125000,50.000000,0.050000,-1.017008,0.000000,1.000000
-0.125000,50.000000,0.020000,-0.990829,0.000000,1.000000
-0.125000,50.000000,0.060000,-1.023561,0.000000,1.000000
-0.125000,50.000000,0.080000,-1.035238,0.000000,1.000000
0.125000,10.000000,-0.080000,-0.759720,0.000000,1.000000
-0.125000,50.000000,0.070000,-1.029610,0.000000,1.000000
-0.125000,50.000000,0.090000,-1.040526,0.000000,1.000000
-0.125000,50.000000,0.100000,-1.045731,0.000000,1.000000
0.125000,10.000000,-0.060000,-0.845270,0.000000,1.000000
0.125000,10.000000,-0.070000,-0.805580,0.000000,1.000000
0.125000,10.000000,-0.040000,-0.916690,0.000000,1.000000
0.125000,10.000000,-0.090000,-0.710795,0.000000,1.000000
0.125000,10.000000,-0.100000,-0.651981,0.000000,1.000000
0.125000,50.000000,-0.100000,nan,0.000000,5.000000
0.125000,50.000000,-0.090000,nan,0.000000,5.000000
0.125000,50.000000,-0.070000,nan,0.000000,5.000000
0.125000,50.000000,-0.080000,nan,0.000000,5.000000
0.125000,10.000000,-0.050000,-0.883371,0.000000,1.000000
0.125000,10.000000,-0.030000,-0.948279,0.000000,1.000000
0.125000,10.000000,-0.010000,-1.005139,0.000000,1.000000
0.125000,10.000000,0.020000,-1.016227,0.000000,1.000000
-0.125000,100.000000,0.020000,-1.012817,0.000000,1.000000
0.125000,10.000000,0.030000,-1.011232,0.000000,1.000000
0.125000,50.000000,-0.060000,nan,0.000000,5.000000
0.125000,10.000000,0.010000,-1.023819,0.000000,1.000000
0.125000,50.000000,-0.040000,nan,0.000000,5.000000
0.125000,10.000000,-0.020000,-0.977996,0.000000,1.000000
-0.125000,100.000000,0.050000,-1.052594,0.000000,1.000000
-0.125000,100.000000,0.010000,-0.991331,0.000000,1.000000
0.125000,10.000000,0.040000,-1.005002,0.000000,1.000000
0.125000,10.000000,0.060000,-0.995098,0.000000,1.000000
0.125000,50.000000,-0.050000,nan,0.000000,5.000000
-0.125000,100.000000,0.080000,-1.079218,0.000000,1.000000
0.125000,50.000000,-0.030000,nan,0.000000,5.000000
0.125000,10.000000,0.050000,-0.999510,0.000000,1.000000
0.125000,10.000000,0.070000,-0.989967,0.000000,1.000000
0.125000,10.000000,0.080000,-0.985112,0.000000,1.000000
0.125000,10.000000,0.100000,-0.975817,0.000000,1.000000
0.125000,10.000000,0.000000,-1.029014,0.000000,1.000000
0.125000,25.000000,-0.050000,-0.312358,0.000000,1.000000
0.125000,25.000000,-0.030000,-0.761746,0.000000,1.000000
0.125000,25.000000,0.000000,-1.028426,0.000000,1.000000
0.125000,25.000000,0.010000,-1.017028,0.000000,1.000000
0.125000,10.000000,0.090000,-0.980650,0.000000,1.000000
0.125000,25.000000,-0.010000,-0.957670,0.000000,1.000000
-0.125000,100.000000,-0.010000,-0.261972,0.000000,1.000000
0.125000,25.000000,0.050000,-0.980941,0.000000,1.000000
-0.125000,100.000000,0.070000,-1.071258,0.000000,1.000000
0.125000,25.000000,-0.020000,-0.870050,0.000000,1.000000
-0.125000,100.000000,0.000000,-0.962260,0.000000,1.000000
-0.125000,100.000000,0.040000,-1.041703,0.000000,1.000000
-0.125000,100.000000,0.060000,-1.062402,0.000000,1.000000
0.125000,25.000000,0.030000,-0.996793,0.000000,1.000000
0.125000,25.000000,0.020000,-1.006246,0.000000,1.000000
-0.125000,100.000000,0.030000,-1.028217,0.000000,1.000000
-0.125000,100.000000,0.100000,-1.093208,0.000000,1.000000
-0.125000,100.000000,0.090000,-1.086659,0.000000,1.000000
0.125000,25.000000,-0.040000,-0.607730,0.000000,1.000000
0.125000,25.000000,0.040000,-0.988470,0.000000,1.000000
0.125000,25.000000,0.060000,-0.974423,0.000000,1.000000
0.125000,25.000000,0.070000,-0.966990,0.000000,1.000000
0.125000,100.000000,-0.050000,nan,0.000000,5.000000
0.125000,100.000000,-0.090000,nan,0.000000,5.000000
0.125000,100.000000,-0.080000,nan,0.000000,5.000000
0.125000,100.000000,-0.060000,nan,0.000000,5.000000
0.125000,25.000000,0.080000,-0.961345,0.000000,1.000000
0.125000,100.000000,-0.040000,nan,0.000000,5.000000
0.125000,100.000000,-0.070000,nan,0.000000,5.000000
0.125000,25.000000,0.100000,-0.950012,0.000000,1.000000
0.125000,25.000000,0.090000,-0.955901,0.000000,1.000000
0.125000,100.000000,-0.100000,nan,0.000000,5.000000
0.125000,100.000000,-0.020000,nan,0.000000,5.000000
0.125000,100.000000,-0.030000,nan,0.000000,5.000000
0.125000,50.000000,0.000000,-1.026450,0.000000,1.000000
0.375000,25.000000,-0.080000,nan,0.000000,5.000000
0.375000,25.000000,-0.100000,nan,0.000000,5.000000
0.375000,25.000000,-0.090000,nan,0.000000,5.000000
0.375000,25.000000,-0.070000,nan,0.000000,5.000000
0.125000,50.000000,-0.010000,-0.867510,0.000000,1.000000
0.125000,50.000000,0.010000,-1.007775,0.000000,1.000000
0.125000,50.000000,-0.020000,-0.592388,0.000000,1.000000
0.125000,50.000000,0.030000,-0.979546,0.000000,1.000000
0.125000,50.000000,0.040000,-0.967852,0.000000,1.000000
0.125000,50.000000,0.060000,-0.949782,0.000000,1.000000
0.125000,50.000000,0.020000,-0.992317,0.000000,1.000000
0.125000,50.000000,0.050000,-0.958485,0.000000,1.000000
0.125000,50.000000,0.090000,-0.927907,0.000000,1.000000
0.125000,50.000000,0.100000,-0.921712,0.000000,1.000000
0.125000,50.000000,0.080000,-0.934594,0.000000,1.000000
0.125000,50.000000,0.070000,-0.941760,0.000000,1.000000
0.375000,10.000000,-0.100000,-0.841658,0.000000,1.000000
0.375000,50.000000,-0.100000,nan,0.000000,5.000000
0.375000,10.000000,-0.090000,-0.876908,0.000000,1.000000
0.375000,10.000000,-0.030000,-1.036062,0.000000,1.000000
0.375000,50.000000,-0.080000,nan,0.000000,5.000000
0.375000,10.000000,-0.080000,-0.909011,0.000000,1.000000
0.375000,50.000000,-0.070000,nan,0.000000,5.000000
0.375000,10.000000,-0.070000,-0.938076,0.000000,1.000000
0.375000,10.000000,-0.010000,-1.075593,0.000000,1.000000
0.375000,10.000000,-0.050000,-0.990264,0.000000,1.000000
0.375000,10.000000,-0.020000,-1.055486,0.000000,1.000000
0.375000,10.000000,-0.060000,-0.964847,0.000000,1.000000
0.375000,10.000000,-0.040000,-1.013225,0.000000,1.000000
0.375000,50.000000,-0.090000,nan,0.000000,5.000000
0.375000,10.000000,0.010000,-1.079339,0.000000,1.000000
0.375000,50.000000,-0.060000,nan,0.000000,5.000000
0.375000,10.000000,0.040000,-1.041064,0.000000,1.000000
0.375000,10.000000,0.030000,-1.053392,0.000000,1.000000
0.375000,50.000000,-0.050000,nan,0.000000,5.000000
0.375000,10.000000,0.060000,-1.019107,0.000000,1.000000
0.375000,10.000000,0.070000,-1.009856,0.000000,1.000000
0.125000,100.000000,0.070000,-0.908665,0.000000,1.000000
0.375000,50.000000,-0.040000,nan,0.000000,5.000000
0.375000,10.000000,0.020000,-1.065448,0.000000,1.000000
0.125000,100.000000,0.030000,-0.953713,0.000000,1.000000
0.125000,100.000000,0.010000,-0.992561,0.000000,1.000000
0.375000,10.000000,0.000000,-1.092922,0.000000,1.000000
0.375000,10.000000,0.100000,-0.980132,0.000000,1.000000
0.375000,10.000000,0.080000,-0.999068,0.000000,1.000000
0.375000,10.000000,0.050000,-1.030828,0.000000,1.000000
0.125000,100.000000,0.050000,-0.927580,0.000000,1.000000
0.125000,100.000000,0.000000,-1.024762,0.000000,1.000000
0.375000,10.000000,0.090000,-0.990416,0.000000,1.000000
0.375000,25.000000,-0.060000,-0.459381,0.000000,1.000000
0.375000,25.000000,-0.050000,-0.683427,0.000000,1.000000
0.125000,100.000000,0.020000,-0.970280,0.000000,1.000000
0.125000,100.000000,0.060000,-0.917523,0.000000,1.000000
0.125000,100.000000,0.080000,-0.900436,0.000000,1.000000
0.375000,25.000000,-0.030000,-0.909500,0.000000,1.000000
0.125000,100.000000,-0.010000,-0.580558,0.000000,1.000000
0.375000,25.000000,-0.010000,-1.042219,0.000000,1.000000
0.125000,100.000000,0.100000,-0.886141,0.000000,1.000000
0.125000,100.000000,0.040000,-0.939796,0.000000,1.000000
0.375000,25.000000,-0.040000,-0.815717,0.000000,1.000000
0.375000,25.000000,0.020000,-1.033757,0.000000,1.000000
0.375000,25.000000,0.000000,-1.089239,0.000000,1.000000
0.375000,25.000000,0.040000,-0.989986,0.000000,1.000000
0.375000,25.000000,-0.020000,-0.982314,0.000000,1.000000
0.125000,100.000000,0.090000,-0.893101,0.000000,1.000000
0.375000,25.000000,0.050000,-0.971253,0.000000,1.000000
0.375000,25.000000,0.030000,-1.011677,0.000000,1.000000
0.375000,25.000000,0.010000,-1.061417,0.000000,1.000000
0.375000,25.000000,0.090000,-0.907116,0.000000,1.000000
0.375000,100.000000,-0.070000,nan,0.000000,5.000000
0.375000,25.000000,0.080000,-0.921561,0.000000,1.000000
0.375000,25.000000,0.100000,-0.894345,0.000000,1.000000
0.375000,25.000000,0.070000,-0.936555,0.000000,1.000000
0.375000,100.000000,-0.080000,nan,0.000000,5.000000
0.375000,100.000000,-0.020000,nan,0.000000,5.000000
0.375000,100.000000,-0.030000,nan,0.000000,5.000000
0.375000,100.000000,-0.040000,nan,0.000000,5.000000
0.375000,100.000000,-0.100000,nan,0.000000,5.000000
0.375000,100.000000,-0.060000,nan,0.000000,5.000000
0.375000,100.000000,-0.050000,nan,0.000000,5.000000
0.375000,25.000000,0.060000,-0.952623,0.000000,1.000000
0.375000,100.000000,-0.090000,nan,0.000000,5.000000
0.625000,25.000000,-0.100000,nan,0.000000,5.000000
0.625000,25.000000,-0.090000,nan,0.000000,5.000000
0.375000,50.000000,-0.010000,-0.978963,0.000000,1.000000
0.375000,50.000000,-0.030000,-0.413081,0.000000,1.000000
0.375000,50.000000,-0.020000,-0.805315,0.000000,1.000000
0.375000,50.000000,0.010000,-1.035838,0.000000,1.000000
0.375000,50.000000,0.020000,-0.992744,0.000000,1.000000
0.375000,50.000000,0.000000,-1.088374,0.000000,1.000000
0.375000,50.000000,0.040000,-0.926238,0.000000,1.000000
0.375000,50.000000,0.030000,-0.957165,0.000000,1.000000
0.375000,50.000000,0.050000,-0.900512,0.000000,1.000000
0.375000,50.000000,0.060000,-0.876993,0.000000,1.000000
0.375000,50.000000,0.080000,-0.837799,0.000000,1.000000
0.375000,50.000000,0.070000,-0.856598,0.000000,1.000000
0.375000,50.000000,0.090000,-0.820269,0.000000,1.000000
0.375000,50.000000,0.100000,-0.804220,0.000000,1.000000
0.625000,10.000000,-0.070000,-1.065668,0.000000,1.000000
0.625000,10.000000,-0.060000,-1.080866,0.000000,1.000000
0.625000,10.000000,-0.080000,-1.049121,0.000000,1.000000
0.625000,10.000000,-0.100000,-1.013101,0.000000,1.000000
0.625000,10.000000,-0.030000,-1.121758,0.000000,1.000000
0.625000,10.000000,0.000000,-1.154986,0.000000,1.000000
0.625000,10.000000,-0.040000,-1.109418,0.000000,1.000000
0.625000,10.000000,-0.090000,-1.031612,0.000000,1.000000
0.625000,10.000000,-0.020000,-1.134049,0.000000,1.000000
0.625000,10.000000,-0.050000,-1.095439,0.000000,1.000000
0.625000,10.000000,0.030000,-1.094157,0.000000,1.000000
0.625000,10.000000,0.010000,-1.132454,0.000000,1.000000
0.625000,10.000000,0.020000,-1.113813,0.000000,1.000000
0.625000,10.000000,-0.010000,-1.145222,0.000000,1.000000
0.625000,50.000000,-0.100000,nan,0.000000,5.000000
0.625000,10.000000,0.080000,-1.015198,0.000000,1.000000
0.625000,10.000000,0.070000,-1.029692,0.000000,1.000000
0.625000,10.000000,0.090000,-0.999328,0.000000,1.000000
0.625000,10.000000,0.060000,-1.045226,0.000000,1.000000
0.625000,50.000000,-0.090000,nan,0.000000,5.000000
0.625000,50.000000,-0.070000,nan,0.000000,5.000000
0.625000,10.000000,0.040000,-1.076896,0.000000,1.000000
0.625000,10.000000,0.050000,-1.061719,0.000000,1.000000
0.625000,10.000000,0.100000,-0.986003,0.000000,1.000000
0.625000,50.000000,-0.060000,nan,0.000000,5.000000
0.375000,100.000000,0.010000,-0.992682,0.000000,1.000000
0.375000,100.000000,0.000000,-1.085959,0.000000,1.000000
0.625000,25.000000,-0.080000,-0.492200,0.000000,1.000000
0.625000,50.000000,-0.050000,nan,0.000000,5.000000
0.625000,50.000000,-0.080000,nan,0.000000,5.000000
0.625000,25.000000,-0.060000,-0.852370,0.000000,1.000000
0.625000,25.000000,-0.050000,-0.935737,0.000000,1.000000
0.625000,25.000000,-0.070000,-0.726762,0.000000,1.000000
0.625000,25.000000,-0.040000,-0.998315,0.000000,1.000000
0.625000,25.000000,-0.030000,-1.049692,0.000000,1.000000
0.625000,25.000000,-0.010000,-1.126121,0.000000,1.000000
0.625000,25.000000,0.000000,-1.150286,0.000000,1.000000
0.375000,100.000000,0.030000,-0.880184,0.000000,1.000000
0.375000,100.000000,-0.010000,-0.802589,0.000000,1.000000
0.625000,25.000000,0.010000,-1.105826,0.000000,1.000000
0.625000,25.000000,-0.020000,-1.090979,0.000000,1.000000
0.375000,100.000000,0.050000,-0.809414,0.000000,1.000000
0.625000,25.000000,0.040000,-0.991554,0.000000,1.000000
0.625000,25.000000,0.020000,-1.062175,0.000000,1.000000
0.375000,100.000000,0.100000,-0.702001,0.000000,1.000000
0.625000,25.000000,0.030000,-1.025904,0.000000,1.000000
0.375000,100.000000,0.080000,-0.737676,0.000000,1.000000
0.375000,100.000000,0.070000,-0.758525,0.000000,1.000000
0.375000,100.000000,0.040000,-0.841181,0.000000,1.000000
0.375000,100.000000,0.090000,-0.719066,0.000000,1.000000
0.375000,100.000000,0.020000,-0.928906,0.000000,1.000000
0.375000,100.000000,0.060000,-0.781594,0.000000,1.000000
0.625000,25.000000,0.050000,-0.960433,0.000000,1.000000
0.625000,25.000000,0.060000,-0.932459,0.000000,1.000000
0.625000,25.000000,0.070000,-0.905618,0.000000,1.000000
0.625000,100.000000,-0.060000,nan,0.000000,5.000000
0.625000,100.000000,-0.100000,nan,0.000000,5.000000
0.625000,25.000000,0.080000,-0.881698,0.000000,1.000000
0.625000,100.000000,-0.030000,nan,0.000000,5.000000
0.625000,100.000000,-0.090000,nan,0.000000,5.000000
0.625000,25.000000,0.090000,-0.859345,0.000000,1.000000
0.625000,100.000000,-0.080000,nan,0.000000,5.000000
0.625000,25.000000,0.100000,-0.839048,0.000000,1.000000
0.625000,100.000000,-0.050000,nan,0.000000,5.000000
0.625000,100.000000,-0.040000,nan,0.000000,5.000000
0.625000,100.000000,-0.070000,nan,0.000000,5.000000
0.625000,50.000000,-0.020000,-0.994148,0.000000,1.000000
0.625000,50.000000,-0.040000,-0.413769,0.000000,1.000000
0.625000,50.000000,-0.010000,-1.089432,0.000000,1.000000
0.625000,50.000000,0.020000,-0.992331,0.000000,1.000000
0.625000,50.000000,-0.030000,-0.837566,0.000000,1.000000
0.625000,50.000000,0.010000,-1.060704,0.000000,1.000000
0.625000,50.000000,0.070000,-0.774123,0.000000,1.000000
0.625000,50.000000,0.060000,-0.806273,0.000000,1.000000
0.625000,50.000000,0.000000,-1.146993,0.000000,1.000000
0.625000,50.000000,0.030000,-0.933934,0.000000,1.000000
0.625000,50.000000,0.090000,-0.718287,0.000000,1.000000
0.625000,50.000000,0.050000,-0.844245,0.000000,1.000000
0.625000,50.000000,0.100000,-0.693898,0.000000,1.000000
0.625000,50.000000,0.080000,-0.744159,0.000000,1.000000
0.625000,50.000000,0.040000,-0.885971,0.000000,1.000000
0.875000,10.000000,-0.080000,-1.184087,0.000000,1.000000
0.875000,10.000000,-0.060000,-1.194130,0.000000,1.000000
0.875000,10.000000,-0.070000,-1.189197,0.000000,1.000000
0.875000,10.000000,-0.100000,-1.172645,0.000000,1.000000
0.875000,10.000000,-0.040000,-1.203174,0.000000,1.000000
0.875000,10.000000,-0.090000,-1.178531,0.000000,1.000000
0.875000,10.000000,-0.020000,-1.211386,0.000000,1.000000
0.875000,10.000000,0.020000,-1.162638,0.000000,1.000000
0.875000,10.000000,0.010000,-1.190024,0.000000,1.000000
0.875000,10.000000,-0.030000,-1.207365,0.000000,1.000000
0.875000,10.000000,-0.050000,-1.198779,0.000000,1.000000
0.875000,10.000000,0.040000,-1.113968,0.000000,1.000000
0.875000,10.000000,0.060000,-1.069736,0.000000,1.000000
0.625000,100.000000,-0.020000,-0.358169,0.000000,1.000000
0.625000,100.000000,0.030000,-0.807585,0.000000,1.000000
0.875000,10.000000,0.070000,-1.049465,0.000000,1.000000
0.875000,10.000000,0.030000,-1.138977,0.000000,1.000000
0.875000,10.000000,0.000000,-1.216018,0.000000,1.000000
0.875000,10.000000,-0.010000,-1.215123,0.000000,1.000000
0.875000,10.000000,0.080000,-1.028561,0.000000,1.000000
0.875000,10.000000,0.100000,-0.991027,0.000000,1.000000
0.875000,50.000000,-0.100000,nan,0.000000,5.000000
0.625000,100.000000,0.010000,-0.989990,0.000000,1.000000
0.875000,25.000000,-0.080000,-1.062026,0.000000,1.000000
0.875000,25.000000,-0.100000,-0.932577,0.000000,1.000000
0.875000,10.000000,0.090000,-1.008207,0.000000,1.000000
0.875000,10.000000,0.050000,-1.090791,0.000000,1.000000
0.875000,50.000000,-0.080000,nan,0.000000,5.000000
0.875000,50.000000,-0.090000,nan,0.000000,5.000000
0.875000,25.000000,-0.070000,-1.099225,0.000000,1.000000
0.625000,100.000000,0.040000,-0.745728,0.000000,1.000000
0.875000,25.000000,-0.030000,-1.184044,0.000000,1.000000
0.875000,50.000000,-0.070000,nan,0.000000,5.000000
0.875000,25.000000,-0.040000,-1.168397,0.000000,1.000000
0.875000,50.000000,-0.060000,nan,0.000000,5.000000
0.875000,25.000000,-0.010000,-1.208811,0.000000,1.000000
0.625000,100.000000,0.080000,-0.590610,0.000000,1.000000
0.875000,25.000000,-0.060000,-1.127585,0.000000,1.000000
0.875000,25.000000,-0.090000,-1.011596,0.000000,1.000000
0.625000,100.000000,0.060000,-0.655008,0.000000,1.000000
0.625000,100.000000,0.100000,-0.541192,0.000000,1.000000
0.875000,25.000000,-0.020000,-1.197304,0.000000,1.000000
0.875000,25.000000,-0.050000,-1.150180,0.000000,1.000000
0.625000,100.000000,0.000000,-1.144966,0.000000,1.000000
0.625000,100.000000,0.050000,-0.695220,0.000000,1.000000
0.625000,100.000000,0.090000,-0.565159,0.000000,1.000000
0.625000,100.000000,-0.010000,-0.991789,0.000000,1.000000
0.625000,100.000000,0.070000,-0.620625,0.000000,1.000000
0.625000,100.000000,0.020000,-0.883800,0.000000,1.000000
0.875000,25.000000,0.020000,-1.090833,0.000000,1.000000
0.875000,25.000000,0.000000,-1.208936,0.000000,1.000000
0.875000,25.000000,0.010000,-1.148984,0.000000,1.000000
0.875000,25.000000,0.030000,-1.039975,0.000000,1.000000
0.875000,25.000000,0.050000,-0.949861,0.000000,1.000000
0.875000,25.000000,0.040000,-0.993090,0.000000,1.000000
0.875000,25.000000,0.060000,-0.910999,0.000000,1.000000
0.875000,100.000000,-0.090000,nan,0.000000,5.000000
0.875000,100.000000,-0.080000,nan,0.000000,5.000000
0.875000,100.000000,-0.070000,nan,0.000000,5.000000
0.875000,100.000000,-0.030000,nan,0.000000,5.000000
0.875000,25.000000,0.100000,-0.784485,0.000000,1.000000
0.875000,25.000000,0.080000,-0.843760,0.000000,1.000000
0.875000,25.000000,0.090000,-0.813681,0.000000,1.000000
0.875000,100.000000,-0.060000,nan,0.000000,5.000000
0.875000,100.000000,-0.100000,nan,0.000000,5.000000
0.875000,100.000000,-0.050000,nan,0.000000,5.000000
0.875000,100.000000,-0.040000,nan,0.000000,5.000000
0.875000,25.000000,0.070000,-0.875759,0.000000,1.000000
0.875000,50.000000,-0.050000,-0.912092,0.000000,1.000000
0.875000,50.000000,-0.040000,-1.054562,0.000000,1.000000
0.875000,50.000000,0.010000,-1.089895,0.000000,1.000000
0.875000,50.000000,-0.020000,-1.167175,0.000000,1.000000
0.875000,50.000000,-0.010000,-1.196894,0.000000,1.000000
0.875000,50.000000,0.020000,-0.989129,0.000000,1.000000
0.875000,50.000000,0.030000,-0.908230,0.000000,1.000000
0.875000,50.000000,0.000000,-1.211166,0.000000,1.000000
0.875000,50.000000,-0.030000,-1.124290,0.000000,1.000000
0.875000,50.000000,0.040000,-0.842680,0.000000,1.000000
0.875000,50.000000,0.050000,-0.787287,0.000000,1.000000
0.875000,50.000000,0.080000,-0.656445,0.000000,1.000000
0.875000,50.000000,0.060000,-0.737616,0.000000,1.000000
0.875000,50.000000,0.070000,-0.694743,0.000000,1.000000
0.875000,50.000000,0.100000,-0.592560,0.000000,1.000000
0.875000,50.000000,0.090000,-0.622972,0.000000,1.000000
1.125000,10.000000,-0.080000,-1.314972,0.000000,1.000000
1.125000,10.000000,-0.070000,-1.310052,0.000000,1.000000
1.125000,10.000000,-0.100000,-1.325806,0.000000,1.000000
1.125000,10.000000,-0.060000,-1.305427,0.000000,1.000000
1.125000,10.000000,-0.030000,-1.292517,0.000000,1.000000
1.125000,10.000000,-0.090000,-1.320579,0.000000,1.000000
1.125000,10.000000,-0.040000,-1.296551,0.000000,1.000000
1.125000,10.000000,0.060000,-1.096457,0.000000,1.000000
1.125000,10.000000,-0.020000,-1.288478,0.000000,1.000000
1.125000,10.000000,-0.050000,-1.300821,0.000000,1.000000
1.125000,10.000000,0.020000,-1.212668,0.000000,1.000000
1.125000,10.000000,0.030000,-1.180952,0.000000,1.000000
1.125000,10.000000,0.040000,-1.152508,0.000000,1.000000
1.125000,10.000000,0.050000,-1.120405,0.000000,1.000000
1.125000,10.000000,0.070000,-1.068076,0.000000,1.000000
1.125000,10.000000,-0.010000,-1.284822,0.000000,1.000000
1.125000,10.000000,0.080000,-1.043604,0.000000,1.000000
1.125000,10.000000,0.000000,-1.278693,0.000000,1.000000
1.125000,10.000000,0.010000,-1.241544,0.000000,1.000000
0.875000,100.000000,-0.020000,-1.051177,0.000000,1.000000
1.125000,10.000000,0.090000,-1.017592,0.000000,1.000000
1.125000,10.000000,0.100000,-0.994647,0.000000,1.000000
0.875000,100.000000,0.080000,-0.462357,0.000000,1.000000
1.125000,25.000000,-0.100000,-1.489278,0.000000,1.000000
1.125000,25.000000,-0.080000,-1.416826,0.000000,1.000000
1.125000,25.000000,-0.090000,-1.450558,0.000000,1.000000
0.875000,100.000000,0.010000,-0.986645,0.000000,1.000000
1.125000,25.000000,-0.070000,-1.389961,0.000000,1.000000
1.125000,25.000000,-0.030000,-1.314944,0.000000,1.000000
0.875000,100.000000,0.050000,-0.594902,0.000000,1.000000
0.875000,100.000000,-0.010000,-1.166230,0.000000,1.000000
1.125000,25.000000,0.010000,-1.193939,0.000000,1.000000
1.125000,25.000000,-0.060000,-1.366313,0.000000,1.000000
0.875000,100.000000,0.020000,-0.842048,0.000000,1.000000
1.125000,25.000000,-0.010000,-1.291334,0.000000,1.000000
1.125000,25.000000,-0.040000,-1.329700,0.000000,1.000000
1.125000,25.000000,0.000000,-1.273954,0.000000,1.000000
0.875000,100.000000,0.040000,-0.656866,0.000000,1.000000
0.875000,100.000000,0.100000,-0.405388,0.000000,1.000000
0.875000,100.000000,0.030000,-0.735233,0.000000,1.000000
0.875000,100.000000,0.070000,-0.500238,0.000000,1.000000
0.875000,100.000000,0.060000,-0.540978,0.000000,1.000000
1.125000,25.000000,0.020000,-1.118612,0.000000,1.000000
0.875000,100.000000,0.000000,-1.205565,0.000000,1.000000
1.125000,25.000000,-0.020000,-1.302453,0.000000,1.000000
0.875000,100.000000,0.090000,-0.433076,0.000000,1.000000
1.125000,25.000000,-0.050000,-1.346333,0.000000,1.000000
1.125000,25.000000,0.030000,-1.053179,0.000000,1.000000
1.125000,25.000000,0.040000,-0.993751,0.000000,1.000000
1.125000,25.000000,0.050000,-0.938266,0.000000,1.000000
1.125000,25.000000,0.090000,-0.766034,0.000000,1.000000
1.125000,25.000000,0.060000,-0.890226,0.000000,1.000000
1.125000,25.000000,0.080000,-0.802528,0.000000,1.000000
1.125000,25.000000,0.070000,-0.846684,0.000000,1.000000
1.125000,50.000000,-0.080000,-2.163718,0.000000,1.000000
1.125000,50.000000,-0.100000,-4.199252,0.000000,1.000000
1.125000,50.000000,-0.090000,-2.838611,0.000000,1.000000
1.125000,50.000000,-0.050000,-1.498933,0.000000,1.000000
1.125000,50.000000,-0.070000,-1.815935,0.000000,1.000000
1.125000,25.000000,0.100000,-0.731519,0.000000,1.000000
1.125000,50.000000,-0.020000,-1.331113,0.000000,1.000000
1.125000,50.000000,0.030000,-0.888187,0.000000,1.000000
1.125000,50.000000,0.010000,-1.117895,0.000000,1.000000
1.125000,50.000000,-0.030000,-1.368941,0.000000,1.000000
1.125000,50.000000,-0.040000,-1.421993,0.000000,1.000000
1.125000,50.000000,0.040000,-0.802278,0.000000,1.000000
1.125000,50.000000,0.020000,-0.991146,0.000000,1.000000
1.125000,50.000000,-0.060000,-1.618726,0.000000,1.000000
1.125000,50.000000,0.100000,-0.496705,0.000000,1.000000
1.125000,50.000000,-0.010000,-1.302909,0.000000,1.000000
1.125000,50.000000,0.060000,-0.671072,0.000000,1.000000
1.125000,50.000000,0.000000,-1.271486,0.000000,1.000000
1.125000,50.000000,0.070000,-0.618555,0.000000,1.000000
1.125000,50.000000,0.090000,-0.532193,0.000000,1.000000
1.125000,50.000000,0.080000,-0.573438,0.000000,1.000000
1.125000,50.000000,0.050000,-0.732546,0.000000,1.000000
1.125000,100.000000,-0.060000,-13.623769,0.000000,1.000000
1.375000,10.000000,-0.030000,-1.376767,0.000000,1.000000
1.375000,10.000000,-0.040000,-1.389239,0.000000,1.000000
1.375000,10.000000,-0.100000,-1.474133,0.000000,1.000000
1.375000,10.000000,-0.010000,-1.354677,0.000000,1.000000
1.375000,10.000000,-0.050000,-1.401480,0.000000,1.000000
1.375000,10.000000,-0.060000,-1.414862,0.000000,1.000000
1.375000,10.000000,-0.090000,-1.458549,0.000000,1.000000
1.375000,10.000000,-0.020000,-1.365381,0.000000,1.000000
1.375000,10.000000,-0.080000,-1.443526,0.000000,1.000000
1.375000,10.000000,0.030000,-1.223671,0.000000,1.000000
1.375000,10.000000,0.010000,-1.299298,0.000000,1.000000
1.375000,10.000000,0.000000,-1.341303,0.000000,1.000000
1.125000,100.000000,-0.050000,-4.400888,0.000000,1.000000
1.125000,100.000000,-0.030000,-1.627939,0.000000,1.000000
1.375000,10.000000,-0.070000,-1.428897,0.000000,1.000000
1.125000,100.000000,-0.090000,-435.622631,0.000000,1.000000
1.375000,10.000000,0.050000,-1.152304,0.000000,1.000000
1.125000,100.000000,0.030000,-0.670716,0.000000,1.000000
1.125000,100.000000,0.000000,-1.263970,0.000000,1.000000
1.375000,10.000000,0.040000,-1.186434,0.000000,1.000000
1.125000,100.000000,-0.010000,-1.331745,0.000000,1.000000
1.375000,10.000000,0.020000,-1.261868,0.000000,1.000000
1.375000,10.000000,0.060000,-1.119882,0.000000,1.000000
1.375000,10.000000,0.070000,-1.087467,0.000000,1.000000
1.125000,100.000000,0.100000,-0.292016,0.000000,1.000000
1.375000,10.000000,0.080000,-1.058237,0.000000,1.000000
1.375000,10.000000,0.090000,-1.029169,0.000000,1.000000
1.125000,100.000000,0.040000,-0.564973,0.000000,1.000000
1.125000,100.000000,0.020000,-0.803115,0.000000,1.000000
1.375000,10.000000,0.100000,-1.000495,0.000000,1.000000
1.125000,100.000000,0.070000,-0.389033,0.000000,1.000000
1.375000,25.000000,-0.100000,-1.881153,0.000000,1.000000
1.125000,100.000000,0.010000,-0.983913,0.000000,1.000000
1.125000,100.000000,-0.040000,-2.205500,0.000000,1.000000
1.125000,100.000000,0.090000,-0.320007,0.000000,1.000000
1.125000,100.000000,0.080000,-0.353024,0.000000,1.000000
1.125000,100.000000,0.050000,-0.498355,0.000000,1.000000
1.125000,100.000000,-0.020000,-1.424663,0.000000,1.000000
1.375000,25.000000,-0.090000,-1.792572,0.000000,1.000000
1.125000,100.000000,0.060000,-0.440903,0.000000,1.000000
1.375000,25.000000,-0.080000,-1.713619,0.000000,1.000000
1.375000,25.000000,-0.040000,-1.485161,0.000000,1.000000
1.375000,25.000000,-0.070000,-1.645603,0.000000,1.000000
1.375000,25.000000,-0.010000,-1.373317,0.000000,1.000000
1.375000,25.000000,0.000000,-1.338235,0.000000,1.000000
1.375000,25.000000,-0.030000,-1.443037,0.000000,1.000000
1.375000,25.000000,-0.060000,-1.585852,0.000000,1.000000
1.375000,25.000000,0.030000,-1.068429,0.000000,1.000000
1.375000,25.000000,0.010000,-1.235034,0.000000,1.000000
1.375000,25.000000,-0.050000,-1.532385,0.000000,1.000000
1.375000,25.000000,0.020000,-1.146153,0.000000,1.000000
1.375000,25.000000,0.050000,-0.929268,0.000000,1.000000
1.375000,25.000000,-0.020000,-1.406601,0.000000,1.000000
1.375000,25.000000,0.060000,-0.871019,0.000000,1.000000
1.125000,100.000000,-0.080000,-152.655481,0.000000,1.000000
1.375000,25.000000,0.090000,-0.721315,0.000000,1.000000
1.375000,25.000000,0.040000,-0.994743,0.000000,1.000000
1.375000,25.000000,0.070000,-0.816370,0.000000,1.000000
1.375000,25.000000,0.080000,-0.766378,0.000000,1.000000
1.375000,25.000000,0.100000,-0.680060,0.000000,1.000000
1.375000,50.000000,-0.090000,-3.315888,0.000000,1.000000
1.375000,50.000000,-0.010000,-1.407636,0.000000,1.000000
1.375000,50.000000,-0.080000,-2.817811,0.000000,1.000000
1.375000,50.000000,-0.040000,-1.728186,0.000000,1.000000
1.375000,50.000000,0.000000,-1.331642,0.000000,1.000000
1.375000,50.000000,0.020000,-0.989234,0.000000,1.000000
1.375000,50.000000,-0.100000,-3.961321,0.000000,1.000000
1.375000,50.000000,0.010000,-1.139908,0.000000,1.000000
1.375000,50.000000,-0.070000,-2.428830,0.000000,1.000000
1.375000,50.000000,-0.020000,-1.488439,0.000000,1.000000
1.375000,50.000000,-0.030000,-1.593609,0.000000,1.000000
1.375000,50.000000,-0.060000,-2.127930,0.000000,1.000000
1.375000,50.000000,-0.050000,-1.901974,0.000000,1.000000
1.125000,100.000000,-0.070000,-47.562491,0.000000,1.000000
1.375000,50.000000,0.030000,-0.865392,0.000000,1.000000
1.375000,50.000000,0.050000,-0.679298,0.000000,1.000000
1.375000,50.000000,0.040000,-0.760807,0.000000,1.000000
1.375000,50.000000,0.070000,-0.546788,0.000000,1.000000
1.375000,50.000000,0.090000,-0.450960,0.000000,1.000000
1.375000,50.000000,0.080000,-0.494225,0.000000,1.000000
1.375000,50.000000,0.100000,-0.412005,0.000000,1.000000
1.375000,50.000000,0.060000,-0.607842,0.000000,1.000000
1.375000,100.000000,-0.060000,-5.925258,0.000000,1.000000
1.625000,10.000000,-0.100000,-1.618906,0.000000,1.000000
1.625000,10.000000,-0.080000,-1.569932,0.000000,1.000000
1.625000,10.000000,-0.070000,-1.545803,0.000000,1.000000
1.375000,100.000000,-0.070000,-8.822329,0.000000,1.000000
1.375000,100.000000,-0.050000,-4.029124,0.000000,1.000000
1.375000,100.000000,-0.080000,-13.010254,0.000000,1.000000
1.625000,10.000000,-0.060000,-1.523798,0.000000,1.000000
1.375000,100.000000,-0.090000,-18.829069,0.000000,1.000000
1.625000,10.000000,-0.050000,-1.502477,0.000000,1.000000
1.375000,100.000000,-0.030000,-2.145955,0.000000,1.000000
1.375000,100.000000,-0.100000,-26.622853,0.000000,1.000000
1.625000,10.000000,-0.040000,-1.481481,0.000000,1.000000
1.625000,10.000000,-0.020000,-1.442377,0.000000,1.000000
1.625000,10.000000,0.020000,-1.307391,0.000000,1.000000
1.625000,10.000000,-0.090000,-1.593709,0.000000,1.000000
1.625000,10.000000,0.000000,-1.403000,0.000000,1.000000
1.375000,100.000000,-0.020000,-1.734064,0.000000,1.000000
1.375000,100.000000,-0.010000,-1.491159,0.000000,1.000000
1.625000,10.000000,-0.010000,-1.423955,0.000000,1.000000
1.625000,10.000000,0.060000,-1.146198,0.000000,1.000000
1.625000,10.000000,-0.030000,-1.461063,0.000000,1.000000
1.375000,100.000000,0.100000,-0.204252,0.000000,1.000000
1.625000,10.000000,0.070000,-1.108517,0.000000,1.000000
1.625000,10.000000,0.030000,-1.267985,0.000000,1.000000
1.625000,10.000000,0.080000,-1.071705,0.000000,1.000000
1.625000,10.000000,0.010000,-1.354155,0.000000,1.000000
1.625000,10.000000,0.040000,-1.222080,0.000000,1.000000
1.625000,10.000000,0.100000,-1.003759,0.000000,1.000000
1.625000,10.000000,0.090000,-1.038399,0.000000,1.000000
1.375000,100.000000,0.010000,-0.980828,0.000000,1.000000
1.625000,25.000000,-0.050000,-1.710591,0.000000,1.000000
1.625000,10.000000,0.050000,-1.181661,0.000000,1.000000
1.375000,100.000000,-0.040000,-2.857211,0.000000,1.000000
1.375000,100.000000,0.050000,-0.409495,0.000000,1.000000
1.375000,100.000000,0.080000,-0.261650,0.000000,1.000000
1.375000,100.000000,0.040000,-0.492610,0.000000,1.000000
1.375000,100.000000,0.030000,-0.602893,0.000000,1.000000
1.375000,100.000000,0.070000,-0.300909,0.000000,1.000000
1.375000,100.000000,0.060000,-0.349710,0.000000,1.000000
1.375000,100.000000,0.090000,-0.229935,0.000000,1.000000
1.375000,100.000000,0.000000,-1.319314,0.000000,1.000000
1.375000,100.000000,0.020000,-0.756824,0.000000,1.000000
1.625000,25.000000,-0.040000,-1.635873,0.000000,1.000000
1.625000,25.000000,-0.020000,-1.509921,0.000000,1.000000
1.625000,25.000000,-0.090000,-2.097662,0.000000,1.000000
1.625000,25.000000,-0.100000,-2.220651,0.000000,1.000000
1.125000,100.000000,-0.100000,-1118.714456,0.000000,1.000000
1.625000,25.000000,-0.070000,-1.882387,0.000000,1.000000
1.625000,25.000000,-0.080000,-1.985466,0.000000,1.000000
1.625000,25.000000,-0.010000,-1.454468,0.000000,1.000000
1.625000,25.000000,0.010000,-1.275764,0.000000,1.000000
1.625000,25.000000,-0.060000,-1.792701,0.000000,1.000000
1.625000,25.000000,0.020000,-1.173482,0.000000,1.000000
1.625000,25.000000,-0.030000,-1.569780,0.000000,1.000000
1.625000,25.000000,0.040000,-0.991309,0.000000,1.000000
1.625000,25.000000,0.000000,-1.392232,0.000000,1.000000
1.625000,25.000000,0.030000,-1.077646,0.000000,1.000000
1.625000,25.000000,0.090000,-0.677418,0.000000,1.000000
1.625000,25.000000,0.060000,-0.849786,0.000000,1.000000
1.625000,25.000000,0.050000,-0.918391,0.000000,1.000000
1.625000,25.000000,0.080000,-0.726676,0.000000,1.000000
1.625000,25.000000,0.100000,-0.631167,0.000000,1.000000
1.625000,25.000000,0.070000,-0.787381,0.000000,1.000000
1.625000,50.000000,-0.090000,-3.823600,0.000000,1.000000
1.625000,50.000000,-0.100000,-4.414167,0.000000,1.000000
1.625000,50.000000,-0.080000,-3.324660,0.000000,1.000000
1.625000,50.000000,-0.040000,-2.003146,0.000000,1.000000
1.625000,50.000000,-0.050000,-2.246170,0.000000,1.000000
1.625000,50.000000,-0.060000,-2.542327,0.000000,1.000000
1.625000,50.000000,-0.030000,-1.804347,0.000000,1.000000
1.625000,50.000000,-0.070000,-2.900117,0.000000,1.000000
1.625000,50.000000,-0.020000,-1.641637,0.000000,1.000000
1.625000,50.000000,0.040000,-0.727830,0.000000,1.000000
1.625000,50.000000,0.050000,-0.627038,0.000000,1.000000
1.625000,50.000000,-0.010000,-1.511820,0.000000,1.000000
1.625000,50.000000,0.060000,-0.546382,0.000000,1.000000
1.625000,50.000000,0.070000,-0.477999,0.000000,1.000000
1.625000,50.000000,0.080000,-0.421771,0.000000,1.000000
1.625000,50.000000,0.010000,-1.170099,0.000000,1.000000
1.625000,50.000000,0.030000,-0.840776,0.000000,1.000000
1.625000,50.000000,0.000000,-1.394382,0.000000,1.000000
1.625000,50.000000,0.020000,-0.987164,0.000000,1.000000
1.625000,50.000000,0.090000,-0.375217,0.000000,1.000000
1.625000,50.000000,0.100000,-0.335236,0.000000,1.000000
1.875000,10.000000,-0.100000,-1.760488,0.000000,1.000000
1.875000,10.000000,-0.080000,-1.693211,0.000000,1.000000
1.875000,10.000000,-0.070000,-1.661714,0.000000,1.000000
1.875000,10.000000,-0.050000,-1.600382,0.000000,1.000000
1.625000,100.000000,-0.090000,-13.131122,0.000000,1.000000
1.875000,10.000000,-0.060000,-1.629945,0.000000,1.000000
1.875000,10.000000,-0.040000,-1.573408,0.000000,1.000000
1.625000,100.000000,-0.080000,-10.230663,0.000000,1.000000
1.625000,100.000000,-0.050000,-4.470619,0.000000,1.000000
1.875000,10.000000,-0.090000,-1.726846,0.000000,1.000000
1.875000,10.000000,-0.020000,-1.518861,0.000000,1.000000
1.875000,10.000000,-0.010000,-1.493191,0.000000,1.000000
1.875000,10.000000,-0.030000,-1.545071,0.000000,1.000000
1.875000,10.000000,0.000000,-1.463847,0.000000,1.000000
1.875000,10.000000,0.020000,-1.358309,0.000000,1.000000
1.625000,100.000000,-0.010000,-1.644994,0.000000,1.000000
1.625000,100.000000,-0.100000,-16.573845,0.000000,1.000000
1.875000,10.000000,0.010000,-1.406628,0.000000,1.000000
1.875000,10.000000,0.030000,-1.306639,0.000000,1.000000
1.875000,10.000000,0.040000,-1.261914,0.000000,1.000000
1.875000,10.000000,0.080000,-1.087786,0.000000,1.000000
1.625000,100.000000,0.050000,-0.336557,0.000000,1.000000
1.875000,10.000000,0.070000,-1.126944,0.000000,1.000000
1.875000,10.000000,0.050000,-1.217493,0.000000,1.000000
1.875000,10.000000,0.060000,-1.168118,0.000000,1.000000
1.875000,10.000000,0.090000,-1.046201,0.000000,1.000000
1.625000,100.000000,-0.070000,-7.859548,0.000000,1.000000
1.625000,100.000000,-0.060000,-5.959919,0.000000,1.000000
1.625000,100.000000,0.030000,-0.542756,0.000000,1.000000
1.875000,10.000000,0.100000,-1.008660,0.000000,1.000000
1.625000,100.000000,-0.030000,-2.561251,0.000000,1.000000
1.625000,100.000000,-0.020000,-2.012310,0.000000,1.000000
1.625000,100.000000,0.000000,-1.383309,0.000000,1.000000
1.625000,100.000000,0.020000,-0.712566,0.000000,1.000000
1.875000,25.000000,-0.100000,-2.530313,0.000000,1.000000
1.625000,100.000000,0.040000,-0.419282,0.000000,1.000000
1.625000,100.000000,-0.040000,-3.364482,0.000000,1.000000
1.625000,100.000000,0.010000,-0.975759,0.000000,1.000000
1.625000,100.000000,0.100000,-0.136959,0.000000,1.000000
1.625000,100.000000,0.070000,-0.223697,0.000000,1.000000
1.625000,100.000000,0.080000,-0.186565,0.000000,1.000000
1.625000,100.000000,0.090000,-0.159157,0.000000,1.000000
1.625000,100.000000,0.060000,-0.273094,0.000000,1.000000
1.875000,25.000000,-0.060000,-1.990806,0.000000,1.000000
1.875000,25.000000,-0.090000,-2.379290,0.000000,1.000000
1.875000,25.000000,-0.040000,-1.784202,0.000000,1.000000
1.875000,25.000000,-0.080000,-2.237736,0.000000,1.000000
1.875000,25.000000,0.010000,-1.330574,0.000000,1.000000
1.875000,25.000000,0.030000,-1.094880,0.000000,1.000000
1.875000,25.000000,-0.070000,-2.110691,0.000000,1.000000
1.875000,25.000000,0.000000,-1.461182,0.000000,1.000000
1.875000,25.000000,-0.050000,-1.882756,0.000000,1.000000
1.875000,25.000000,0.020000,-1.204137,0.000000,1.000000
1.875000,25.000000,-0.020000,-1.610640,0.000000,1.000000
1.875000,25.000000,0.080000,-0.694292,0.000000,1.000000
1.875000,25.000000,-0.010000,-1.536497,0.000000,1.000000
1.875000,25.000000,0.090000,-0.632281,0.000000,1.000000
1.875000,25.000000,-0.030000,-1.694332,0.000000,1.000000
1.875000,25.000000,0.070000,-0.758334,0.000000,1.000000
1.875000,25.000000,0.040000,-0.997952,0.000000,1.000000
1.875000,25.000000,0.050000,-0.908247,0.000000,1.000000
1.875000,25.000000,0.100000,-0.580599,0.000000,1.000000
1.875000,25.000000,0.060000,-0.824824,0.000000,1.000000
1.875000,50.000000,-0.100000,-4.885152,0.000000,1.000000
1.875000,50.000000,-0.080000,-3.779138,0.000000,1.000000
1.875000,50.000000,0.010000,-1.196537,0.000000,1.000000
1.875000,50.000000,-0.090000,-4.304506,0.000000,1.000000
1.875000,50.000000,-0.070000,-3.321480,0.000000,1.000000
1.875000,50.000000,-0.020000,-1.792356,0.000000,1.000000
1.875000,50.000000,-0.040000,-2.261845,0.000000,1.000000
1.875000,50.000000,0.100000,-0.267110,0.000000,1.000000
1.875000,50.000000,-0.060000,-2.915501,0.000000,1.000000
1.875000,50.000000,0.030000,-0.822887,0.000000,1.000000
1.875000,50.000000,0.040000,-0.684236,0.000000,1.000000
1.875000,50.000000,-0.010000,-1.612791,0.000000,1.000000
1.875000,50.000000,-0.050000,-2.563823,0.000000,1.000000
1.875000,50.000000,0.020000,-0.990809,0.000000,1.000000
1.875000,50.000000,0.000000,-1.449593,0.000000,1.000000
1.875000,50.000000,-0.030000,-2.005333,0.000000,1.000000
1.875000,50.000000,0.060000,-0.486158,0.000000,1.000000
1.875000,50.000000,0.090000,-0.304085,0.000000,1.000000
1.875000,50.000000,0.080000,-0.357323,0.000000,1.000000
1.875000,50.000000,0.070000,-0.414489,0.000000,1.000000
2.125000,10.000000,-0.100000,-1.899220,0.000000,1.000000
2.125000,10.000000,-0.090000,-1.857325,0.000000,1.000000
1.875000,50.000000,0.050000,-0.577263,0.000000,1.000000
2.125000,10.000000,-0.080000,-1.815513,0.000000,1.000000
2.125000,10.000000,-0.070000,-1.775545,0.000000,1.000000
1.875000,100.000000,-0.070000,-8.002936,0.000000,1.000000
1.875000,100.000000,-0.080000,-9.943330,0.000000,1.000000
2.125000,10.000000,-0.060000,-1.737999,0.000000,1.000000
1.875000,100.000000,-0.060000,-6.337274,0.000000,1.000000
1.875000,100.000000,-0.090000,-12.188956,0.000000,1.000000
2.125000,10.000000,-0.050000,-1.699859,0.000000,1.000000
2.125000,10.000000,-0.030000,-1.629575,0.000000,1.000000
2.125000,10.000000,-0.020000,-1.596025,0.000000,1.000000
2.125000,10.000000,-0.040000,-1.663782,0.000000,1.000000
2.125000,10.000000,0.000000,-1.525053,0.000000,1.000000
2.125000,10.000000,0.020000,-1.408035,0.000000,1.000000
2.125000,10.000000,0.040000,-1.296165,0.000000,1.000000
2.125000,10.000000,0.010000,-1.466000,0.000000,1.000000
2.125000,10.000000,0.050000,-1.244847,0.000000,1.000000
2.125000,10.000000,0.070000,-1.149959,0.000000,1.000000
2.125000,10.000000,0.060000,-1.193696,0.000000,1.000000
2.125000,10.000000,0.090000,-1.057631,0.000000,1.000000
1.875000,100.000000,-0.100000,-14.728554,0.000000,1.000000
1.875000,100.000000,-0.030000,-2.940561,0.000000,1.000000
1.875000,100.000000,-0.050000,-4.948155,0.000000,1.000000
2.125000,10.000000,0.030000,-1.350568,0.000000,1.000000
1.875000,100.000000,0.010000,-0.976582,0.000000,1.000000
1.875000,100.000000,-0.040000,-3.823887,0.000000,1.000000
1.875000,100.000000,-0.010000,-1.797899,0.000000,1.000000
1.875000,100.000000,-0.020000,-2.274401,0.000000,1.000000
1.875000,100.000000,0.060000,-0.205326,0.000000,1.000000
2.125000,10.000000,0.080000,-1.097693,0.000000,1.000000
2.125000,10.000000,0.100000,-1.010821,0.000000,1.000000
1.875000,100.000000,0.040000,-0.350411,0.000000,1.000000
1.875000,100.000000,0.080000,-0.127503,0.000000,1.000000
2.125000,10.000000,-0.010000,-1.562924,0.000000,1.000000
1.875000,100.000000,0.090000,-0.104967,0.000000,1.000000
1.875000,100.000000,0.020000,-0.674808,0.000000,1.000000
1.875000,100.000000,0.030000,-0.481119,0.000000,1.000000
2.125000,25.000000,-0.100000,-2.823726,0.000000,1.000000
1.875000,100.000000,0.100000,-0.087465,0.000000,1.000000
1.875000,100.000000,0.050000,-0.267884,0.000000,1.000000
1.875000,100.000000,0.000000,-1.448238,0.000000,1.000000
1.875000,100.000000,0.070000,-0.159255,0.000000,1.000000
2.125000,25.000000,-0.090000,-2.647437,0.000000,1.000000
2.125000,25.000000,-0.050000,-2.052970,0.000000,1.000000
2.125000,25.000000,-0.080000,-2.481282,0.000000,1.000000
2.125000,25.000000,-0.070000,-2.327238,0.000000,1.000000
2.125000,25.000000,-0.060000,-2.186167,0.000000,1.000000
2.125000,25.000000,0.010000,-1.367058,0.000000,1.000000
2.125000,25.000000,-0.010000,-1.615721,0.000000,1.000000
2.125000,25.000000,0.030000,-1.112120,0.000000,1.000000
2.125000,25.000000,-0.040000,-1.930492,0.000000,1.000000
2.125000,25.000000,-0.030000,-1.816372,0.000000,1.000000
2.125000,25.000000,0.050000,-0.892771,0.000000,1.000000
2.125000,25.000000,0.000000,-1.516290,0.000000,1.000000
2.125000,25.000000,0.040000,-0.995697,0.000000,1.000000
2.125000,25.000000,0.060000,-0.801485,0.000000,1.000000
2.125000,25.000000,0.100000,-0.534625,0.000000,1.000000
2.125000,25.000000,0.090000,-0.590194,0.000000,1.000000
2.125000,25.000000,0.070000,-0.726962,0.000000,1.000000
2.125000,25.000000,0.020000,-1.232326,0.000000,1.000000
2.125000,25.000000,-0.020000,-1.713530,0.000000,1.000000
2.125000,25.000000,0.080000,-0.654759,0.000000,1.000000
2.125000,50.000000,-0.050000,-2.862076,0.000000,1.000000
2.125000,50.000000,-0.080000,-4.209601,0.000000,1.000000
2.125000,50.000000,-0.100000,-5.356565,0.000000,1.000000
2.125000,50.000000,0.060000,-0.429692,0.000000,1.000000
2.125000,50.000000,-0.090000,-4.762222,0.000000,1.000000
2.125000,50.000000,-0.070000,-3.708576,0.000000,1.000000
2.125000,50.000000,-0.020000,-1.939370,0.000000,1.000000
2.125000,50.000000,-0.040000,-2.509403,0.000000,1.000000
2.125000,50.000000,-0.030000,-2.200446,0.000000,1.000000
2.125000,50.000000,-0.060000,-3.263142,0.000000,1.000000
2.125000,50.000000,0.000000,-1.510809,0.000000,1.000000
2.125000,50.000000,0.010000,-1.221834,0.000000,1.000000
2.125000,50.000000,0.020000,-0.986106,0.000000,1.000000
2.125000,50.000000,-0.010000,-1.715288,0.000000,1.000000
2.125000,50.000000,0.030000,-0.798875,0.000000,1.000000
2.125000,50.000000,0.040000,-0.645900,0.000000,1.000000
2.125000,50.000000,0.100000,-0.208661,0.000000,1.000000
2.125000,50.000000,0.050000,-0.529256,0.000000,1.000000
2.125000,50.000000,0.080000,-0.288760,0.000000,1.000000
2.125000,50.000000,0.090000,-0.250337,0.000000,1.000000
2.125000,50.000000,0.070000,-0.359692,0.000000,1.000000
2.125000,100.000000,-0.090000,-12.186414,0.000000,1.000000
2.125000,100.000000,-0.070000,-8.389267,0.000000,1.000000
2.125000,100.000000,0.100000,-0.052143,0.000000,1.000000
2.125000,100.000000,-0.050000,-5.421859,0.000000,1.000000
2.125000,100.000000,-0.040000,-4.256011,0.000000,1.000000
2.125000,100.000000,-0.080000,-10.179829,0.000000,1.000000
2.125000,100.000000,0.010000,-0.969978,0.000000,1.000000
2.125000,100.000000,-0.100000,-14.386691,0.000000,1.000000
2.125000,100.000000,-0.030000,-3.286397,0.000000,1.000000
2.125000,100.000000,-0.010000,-1.946308,0.000000,1.000000
2.125000,100.000000,0.000000,-1.503549,0.000000,1.000000
2.125000,100.000000,0.040000,-0.295627,0.000000,1.000000
2.125000,100.000000,-0.020000,-2.521881,0.000000,1.000000
2.125000,100.000000,-0.060000,-6.799123,0.000000,1.000000
2.125000,100.000000,0.070000,-0.113752,0.000000,1.000000
2.125000,100.000000,0.020000,-0.636235,0.000000,1.000000
2.125000,100.000000,0.060000,-0.148239,0.000000,1.000000
2.125000,100.000000,0.030000,-0.427726,0.000000,1.000000
2.125000,100.000000,0.050000,-0.208385,0.000000,1.000000
2.125000,100.000000,0.080000,-0.081844,0.000000,1.000000
2.125000,100.000000,0.090000,-0.065126,0.000000,1.000000
