alpha,N_species,w,mean_leading_eigenvalue,extinction_counter, attempt_counter
-2.125000,10.000000,0.150000,-0.630558,0.000000,1.000000
-2.125000,10.000000,0.000000,-0.724999,0.000000,1.000000
-2.125000,10.000000,0.200000,-0.602565,0.000000,1.000000
-2.125000,10.000000,0.050000,-0.691644,0.000000,1.000000
-2.125000,10.000000,0.250000,-0.576108,0.000000,1.000000
-2.125000,10.000000,0.100000,-0.660207,0.000000,1.000000
-2.125000,10.000000,0.550000,-0.443960,0.000000,1.000000
-2.125000,10.000000,0.400000,-0.504877,0.000000,1.000000
-2.125000,10.000000,0.650000,-0.408367,0.000000,1.000000
-2.125000,10.000000,0.300000,-0.551075,0.000000,1.000000
-2.125000,10.000000,0.750000,-0.375445,0.000000,1.000000
-2.125000,10.000000,0.700000,-0.391389,0.000000,1.000000
-2.125000,10.000000,0.900000,-0.331722,0.000000,1.000000
-2.125000,10.000000,0.850000,-0.345640,0.000000,1.000000
-2.125000,10.000000,0.450000,-0.483533,0.000000,1.000000
-2.125000,10.000000,1.000000,-0.305412,0.000000,1.000000
-2.125000,10.000000,0.950000,-0.317159,0.000000,1.000000
-2.125000,10.000000,0.800000,-0.360209,0.000000,1.000000
-2.125000,10.000000,0.350000,-0.527362,0.000000,1.000000
-2.125000,10.000000,0.500000,-0.463251,0.000000,1.000000
-2.125000,10.000000,0.600000,-0.425592,0.000000,1.000000
-2.125000,25.000000,0.300000,-0.589969,0.000000,1.000000
-2.125000,25.000000,0.200000,-0.708456,0.000000,1.000000
-2.125000,25.000000,0.150000,-0.779503,0.000000,1.000000
-2.125000,25.000000,0.100000,-0.860629,0.000000,1.000000
-2.125000,25.000000,0.600000,-0.358065,0.000000,1.000000
-2.125000,25.000000,0.450000,-0.455792,0.000000,1.000000
-2.125000,25.000000,0.750000,-0.284646,0.000000,1.000000
-2.125000,25.000000,0.700000,-0.306963,0.000000,1.000000
-2.125000,25.000000,0.050000,-0.954052,0.000000,1.000000
-2.125000,25.000000,0.400000,-0.495739,0.000000,1.000000
-2.125000,25.000000,0.250000,-0.645526,0.000000,1.000000
-2.125000,25.000000,0.900000,-0.227832,0.000000,1.000000
-2.125000,25.000000,0.550000,-0.387450,0.000000,1.000000
-2.125000,25.000000,0.500000,-0.419876,0.000000,1.000000
-2.125000,25.000000,0.350000,-0.540419,0.000000,1.000000
-2.125000,25.000000,0.850000,-0.245275,0.000000,1.000000
-2.125000,25.000000,0.650000,-0.331344,0.000000,1.000000
-2.125000,25.000000,0.800000,-0.264152,0.000000,1.000000
-2.125000,25.000000,0.950000,-0.211664,0.000000,1.000000
-2.125000,25.000000,0.000000,-1.062910,0.000000,1.000000
-2.125000,25.000000,1.000000,-0.198349,0.000000,1.000000
-2.125000,50.000000,0.000000,-1.511642,0.000000,1.000000
-2.125000,50.000000,0.750000,-0.202012,0.000000,1.000000
-2.125000,50.000000,0.050000,-1.232421,0.000000,1.000000
-2.125000,50.000000,0.300000,-0.555859,0.000000,1.000000
-2.125000,50.000000,0.800000,-0.183283,0.000000,1.000000
-2.125000,50.000000,0.200000,-0.740315,0.000000,1.000000
-2.125000,50.000000,0.100000,-1.026701,0.000000,1.000000
-2.125000,50.000000,0.400000,-0.430078,0.000000,1.000000
-2.125000,50.000000,0.650000,-0.246806,0.000000,1.000000
-2.125000,50.000000,0.500000,-0.339267,0.000000,1.000000
-2.125000,50.000000,0.700000,-0.223046,0.000000,1.000000
-2.125000,50.000000,0.450000,-0.381650,0.000000,1.000000
-2.125000,50.000000,0.550000,-0.304706,0.000000,1.000000
-2.125000,50.000000,0.350000,-0.487358,0.000000,1.000000
-2.125000,50.000000,0.150000,-0.866424,0.000000,1.000000
-2.125000,50.000000,0.250000,-0.638867,0.000000,1.000000
-2.125000,50.000000,0.850000,-0.166513,0.000000,1.000000
-2.125000,50.000000,0.950000,-0.137749,0.000000,1.000000
-2.125000,50.000000,0.600000,-0.273810,0.000000,1.000000
-1.875000,10.000000,0.000000,-0.755319,0.000000,1.000000
-2.125000,50.000000,0.900000,-0.150459,0.000000,1.000000
-2.125000,50.000000,1.000000,-0.125311,0.000000,1.000000
-2.125000,100.000000,0.800000,-0.111882,0.000000,1.000000
-1.875000,10.000000,0.050000,-0.722228,0.000000,1.000000
-1.875000,10.000000,0.250000,-0.611952,0.000000,1.000000
-2.125000,100.000000,0.000000,-2.233783,0.000000,1.000000
-1.875000,10.000000,0.400000,-0.541952,0.000000,1.000000
-2.125000,100.000000,0.050000,-1.533844,0.000000,1.000000
-2.125000,100.000000,0.850000,-0.099893,0.000000,1.000000
-1.875000,10.000000,0.500000,-0.500775,0.000000,1.000000
-1.875000,10.000000,1.000000,-0.344045,0.000000,1.000000
-1.875000,10.000000,0.350000,-0.564010,0.000000,1.000000
-1.875000,10.000000,0.750000,-0.413596,0.000000,1.000000
-1.875000,10.000000,0.950000,-0.356793,0.000000,1.000000
-1.875000,10.000000,0.300000,-0.587056,0.000000,1.000000
-1.875000,10.000000,0.200000,-0.636757,0.000000,1.000000
-1.875000,10.000000,0.550000,-0.482861,0.000000,1.000000
-1.875000,10.000000,0.150000,-0.664129,0.000000,1.000000
-1.875000,10.000000,0.100000,-0.692119,0.000000,1.000000
-1.875000,10.000000,0.800000,-0.398450,0.000000,1.000000
-1.875000,10.000000,0.850000,-0.383960,0.000000,1.000000
-1.875000,10.000000,0.650000,-0.446031,0.000000,1.000000
-1.875000,10.000000,0.600000,-0.463413,0.000000,1.000000
-1.875000,25.000000,0.050000,-0.951873,0.000000,1.000000
-1.875000,10.000000,0.900000,-0.370087,0.000000,1.000000
-1.875000,10.000000,0.700000,-0.429441,0.000000,1.000000
-1.875000,25.000000,0.000000,-1.054963,0.000000,1.000000
-2.125000,100.000000,0.450000,-0.274631,0.000000,1.000000
-1.875000,10.000000,0.450000,-0.520865,0.000000,1.000000
-2.125000,100.000000,0.100000,-1.122334,0.000000,1.000000
-2.125000,100.000000,0.500000,-0.237469,0.000000,1.000000
-2.125000,100.000000,0.650000,-0.159765,0.000000,1.000000
-2.125000,100.000000,0.750000,-0.125593,0.000000,1.000000
-2.125000,100.000000,0.400000,-0.320403,0.000000,1.000000
-2.125000,100.000000,0.700000,-0.141396,0.000000,1.000000
-2.125000,100.000000,0.250000,-0.546948,0.000000,1.000000
-2.125000,100.000000,0.300000,-0.450999,0.000000,1.000000
-2.125000,100.000000,0.550000,-0.206857,0.000000,1.000000
-2.125000,100.000000,0.200000,-0.676355,0.000000,1.000000
-2.125000,100.000000,0.900000,-0.089330,0.000000,1.000000
-1.875000,25.000000,0.100000,-0.861036,0.000000,1.000000
-2.125000,100.000000,0.350000,-0.377734,0.000000,1.000000
-1.875000,25.000000,0.150000,-0.784680,0.000000,1.000000
-2.125000,100.000000,0.150000,-0.857262,0.000000,1.000000
-2.125000,100.000000,1.000000,-0.071566,0.000000,1.000000
-2.125000,100.000000,0.600000,-0.181316,0.000000,1.000000
-2.125000,100.000000,0.950000,-0.079953,0.000000,1.000000
-1.875000,25.000000,0.200000,-0.716111,0.000000,1.000000
-1.875000,25.000000,0.250000,-0.656014,0.000000,1.000000
-1.875000,25.000000,0.400000,-0.513199,0.000000,1.000000
-1.875000,25.000000,0.350000,-0.555500,0.000000,1.000000
-1.875000,25.000000,0.600000,-0.381808,0.000000,1.000000
-1.875000,25.000000,0.500000,-0.441255,0.000000,1.000000
-1.875000,25.000000,0.450000,-0.475216,0.000000,1.000000
-1.875000,25.000000,0.300000,-0.602822,0.000000,1.000000
-1.875000,25.000000,0.700000,-0.332655,0.000000,1.000000
-1.875000,25.000000,0.750000,-0.311115,0.000000,1.000000
-1.875000,25.000000,0.800000,-0.291294,0.000000,1.000000
-1.875000,50.000000,0.150000,-0.848621,0.000000,1.000000
-1.875000,25.000000,0.850000,-0.273004,0.000000,1.000000
-1.875000,25.000000,0.550000,-0.409970,0.000000,1.000000
-1.875000,25.000000,0.650000,-0.356135,0.000000,1.000000
-1.875000,25.000000,0.900000,-0.256080,0.000000,1.000000
-1.875000,50.000000,0.000000,-1.443297,0.000000,1.000000
-1.875000,50.000000,0.050000,-1.190718,0.000000,1.000000
-1.875000,25.000000,0.950000,-0.240377,0.000000,1.000000
-1.875000,50.000000,0.200000,-0.728682,0.000000,1.000000
-1.875000,25.000000,1.000000,-0.225768,0.000000,1.000000
-1.875000,50.000000,0.550000,-0.316676,0.000000,1.000000
-1.875000,50.000000,0.700000,-0.237753,0.000000,1.000000
-1.875000,50.000000,0.300000,-0.556121,0.000000,1.000000
-1.875000,50.000000,0.250000,-0.634790,0.000000,1.000000
-1.875000,50.000000,0.100000,-0.997512,0.000000,1.000000
-1.875000,50.000000,0.500000,-0.350891,0.000000,1.000000
-1.875000,50.000000,0.350000,-0.491645,0.000000,1.000000
-1.875000,50.000000,0.650000,-0.260784,0.000000,1.000000
-1.875000,50.000000,0.950000,-0.154642,0.000000,1.000000
-1.875000,50.000000,0.450000,-0.390496,0.000000,1.000000
-1.875000,50.000000,0.400000,-0.435455,0.000000,1.000000
-1.875000,50.000000,0.800000,-0.198791,0.000000,1.000000
-1.875000,50.000000,0.850000,-0.181726,0.000000,1.000000
-1.875000,50.000000,0.600000,-0.286892,0.000000,1.000000
-1.875000,50.000000,0.900000,-0.167988,0.000000,1.000000
-1.875000,50.000000,1.000000,-0.142503,0.000000,1.000000
-1.875000,50.000000,0.750000,-0.217315,0.000000,1.000000
-1.625000,10.000000,0.000000,-0.783008,0.000000,1.000000
-1.625000,10.000000,0.250000,-0.646103,0.000000,1.000000
-1.625000,10.000000,0.200000,-0.671872,0.000000,1.000000
-1.625000,10.000000,0.300000,-0.622371,0.000000,1.000000
-1.625000,10.000000,0.150000,-0.697388,0.000000,1.000000
-1.625000,10.000000,0.100000,-0.724348,0.000000,1.000000
-1.875000,100.000000,0.000000,-2.069506,0.000000,1.000000
-1.625000,10.000000,0.050000,-0.752839,0.000000,1.000000
-1.875000,100.000000,0.250000,-0.533077,0.000000,1.000000
-1.875000,100.000000,0.100000,-1.063558,0.000000,1.000000
-1.625000,10.000000,0.650000,-0.483320,0.000000,1.000000
-1.625000,10.000000,0.400000,-0.577919,0.000000,1.000000
-1.875000,100.000000,0.950000,-0.089125,0.000000,1.000000
-1.625000,10.000000,0.600000,-0.500492,0.000000,1.000000
-1.875000,100.000000,0.050000,-1.438850,0.000000,1.000000
-1.875000,100.000000,0.550000,-0.212595,0.000000,1.000000
-1.875000,100.000000,0.450000,-0.277245,0.000000,1.000000
-1.875000,100.000000,0.350000,-0.374578,0.000000,1.000000
-1.875000,100.000000,0.600000,-0.188078,0.000000,1.000000
-1.875000,100.000000,0.150000,-0.819753,0.000000,1.000000
-1.625000,10.000000,0.500000,-0.539418,0.000000,1.000000
-1.875000,100.000000,0.850000,-0.109192,0.000000,1.000000
-1.875000,100.000000,0.400000,-0.320639,0.000000,1.000000
-1.875000,100.000000,0.200000,-0.652830,0.000000,1.000000
-1.875000,100.000000,0.750000,-0.134219,0.000000,1.000000
-1.875000,100.000000,0.700000,-0.149549,0.000000,1.000000
-1.625000,10.000000,0.550000,-0.518491,0.000000,1.000000
-1.875000,100.000000,0.300000,-0.443575,0.000000,1.000000
-1.875000,100.000000,0.500000,-0.241863,0.000000,1.000000
-1.875000,100.000000,0.650000,-0.167312,0.000000,1.000000
-1.875000,100.000000,0.900000,-0.098875,0.000000,1.000000
-1.625000,10.000000,0.450000,-0.557161,0.000000,1.000000
-1.875000,100.000000,0.800000,-0.120882,0.000000,1.000000
-1.625000,10.000000,0.350000,-0.599656,0.000000,1.000000
-1.875000,100.000000,1.000000,-0.081513,0.000000,1.000000
-1.625000,10.000000,1.000000,-0.382516,0.000000,1.000000
-1.625000,10.000000,0.700000,-0.466925,0.000000,1.000000
-1.625000,10.000000,0.850000,-0.421963,0.000000,1.000000
-1.625000,10.000000,0.800000,-0.437483,0.000000,1.000000
-1.625000,10.000000,0.750000,-0.451262,0.000000,1.000000
-1.625000,10.000000,0.950000,-0.395111,0.000000,1.000000
-1.625000,25.000000,0.250000,-0.668952,0.000000,1.000000
-1.625000,25.000000,0.050000,-0.946368,0.000000,1.000000
-1.625000,25.000000,0.000000,-1.044225,0.000000,1.000000
-1.625000,10.000000,0.900000,-0.408249,0.000000,1.000000
-1.625000,25.000000,0.150000,-0.791191,0.000000,1.000000
-1.625000,25.000000,0.100000,-0.864427,0.000000,1.000000
-1.625000,25.000000,0.200000,-0.727134,0.000000,1.000000
-1.625000,25.000000,0.650000,-0.378514,0.000000,1.000000
-1.625000,25.000000,0.350000,-0.572098,0.000000,1.000000
-1.625000,25.000000,0.550000,-0.430919,0.000000,1.000000
-1.625000,25.000000,0.600000,-0.403600,0.000000,1.000000
-1.625000,25.000000,0.900000,-0.280346,0.000000,1.000000
-1.625000,25.000000,0.700000,-0.355528,0.000000,1.000000
-1.625000,25.000000,0.450000,-0.495688,0.000000,1.000000
-1.625000,25.000000,0.800000,-0.313796,0.000000,1.000000
-1.625000,25.000000,0.950000,-0.264908,0.000000,1.000000
-1.625000,25.000000,0.500000,-0.461220,0.000000,1.000000
-1.625000,25.000000,0.300000,-0.617718,0.000000,1.000000
-1.625000,25.000000,1.000000,-0.250548,0.000000,1.000000
-1.625000,25.000000,0.750000,-0.335858,0.000000,1.000000
-1.625000,25.000000,0.850000,-0.297435,0.000000,1.000000
-1.625000,50.000000,0.100000,-0.969754,0.000000,1.000000
-1.625000,25.000000,0.400000,-0.532038,0.000000,1.000000
-1.625000,50.000000,0.050000,-1.148152,0.000000,1.000000
-1.625000,50.000000,0.200000,-0.719411,0.000000,1.000000
-1.625000,50.000000,0.000000,-1.380081,0.000000,1.000000
-1.625000,50.000000,0.300000,-0.556375,0.000000,1.000000
-1.625000,50.000000,0.150000,-0.830569,0.000000,1.000000
-1.625000,50.000000,0.350000,-0.494331,0.000000,1.000000
-1.625000,50.000000,0.250000,-0.630118,0.000000,1.000000
-1.625000,50.000000,0.450000,-0.398163,0.000000,1.000000
-1.625000,50.000000,0.400000,-0.442924,0.000000,1.000000
-1.625000,50.000000,1.000000,-0.158443,0.000000,1.000000
-1.625000,50.000000,0.550000,-0.327117,0.000000,1.000000
-1.625000,50.000000,0.650000,-0.273118,0.000000,1.000000
-1.625000,50.000000,0.600000,-0.298895,0.000000,1.000000
-1.625000,50.000000,0.500000,-0.360502,0.000000,1.000000
-1.625000,50.000000,0.750000,-0.231375,0.000000,1.000000
-1.625000,50.000000,0.850000,-0.197950,0.000000,1.000000
-1.625000,50.000000,0.700000,-0.251348,0.000000,1.000000
-1.625000,50.000000,0.800000,-0.213855,0.000000,1.000000
-1.375000,10.000000,0.050000,-0.785202,0.000000,1.000000
-1.375000,10.000000,0.100000,-0.756466,0.000000,1.000000
-1.375000,10.000000,0.000000,-0.816291,0.000000,1.000000
-1.625000,50.000000,0.900000,-0.183320,0.000000,1.000000
-1.375000,10.000000,0.200000,-0.705031,0.000000,1.000000
-1.625000,100.000000,0.000000,-1.914513,0.000000,1.000000
-1.625000,50.000000,0.950000,-0.170592,0.000000,1.000000
-1.375000,10.000000,0.250000,-0.680979,0.000000,1.000000
-1.375000,10.000000,0.150000,-0.730855,0.000000,1.000000
-1.625000,100.000000,0.500000,-0.245430,0.000000,1.000000
-1.625000,100.000000,0.150000,-0.784121,0.000000,1.000000
-1.375000,10.000000,0.350000,-0.636925,0.000000,1.000000
-1.375000,10.000000,0.450000,-0.595682,0.000000,1.000000
-1.375000,10.000000,0.400000,-0.615859,0.000000,1.000000
-1.375000,10.000000,0.500000,-0.576679,0.000000,1.000000
-1.375000,10.000000,0.300000,-0.658189,0.000000,1.000000
-1.375000,10.000000,0.550000,-0.558415,0.000000,1.000000
-1.375000,10.000000,0.600000,-0.540963,0.000000,1.000000
-1.625000,100.000000,0.250000,-0.518837,0.000000,1.000000
-1.625000,100.000000,0.650000,-0.174001,0.000000,1.000000
-1.375000,10.000000,0.750000,-0.493049,0.000000,1.000000
-1.625000,100.000000,0.600000,-0.194032,0.000000,1.000000
-1.625000,100.000000,0.450000,-0.279038,0.000000,1.000000
-1.625000,100.000000,0.550000,-0.217359,0.000000,1.000000
-1.625000,100.000000,0.200000,-0.630050,0.000000,1.000000
-1.625000,100.000000,0.700000,-0.156942,0.000000,1.000000
-1.375000,10.000000,0.650000,-0.523185,0.000000,1.000000
-1.375000,10.000000,0.850000,-0.464426,0.000000,1.000000
-1.625000,100.000000,1.000000,-0.090908,0.000000,1.000000
-1.625000,100.000000,0.100000,-1.006049,0.000000,1.000000
-1.375000,10.000000,0.700000,-0.508395,0.000000,1.000000
-1.625000,100.000000,0.800000,-0.129185,0.000000,1.000000
-1.375000,10.000000,0.800000,-0.478430,0.000000,1.000000
-1.625000,100.000000,0.850000,-0.117840,0.000000,1.000000
-1.625000,100.000000,0.300000,-0.434931,0.000000,1.000000
-1.625000,100.000000,0.350000,-0.370990,0.000000,1.000000
-1.625000,100.000000,0.400000,-0.320070,0.000000,1.000000
-1.625000,100.000000,0.900000,-0.107959,0.000000,1.000000
-1.375000,25.000000,0.050000,-0.944790,0.000000,1.000000
-1.625000,100.000000,0.750000,-0.142098,0.000000,1.000000
-1.625000,100.000000,0.950000,-0.098887,0.000000,1.000000
-1.625000,100.000000,0.050000,-1.347139,0.000000,1.000000
-1.375000,10.000000,1.000000,-0.426085,0.000000,1.000000
-1.375000,10.000000,0.900000,-0.451003,0.000000,1.000000
-1.375000,25.000000,0.000000,-1.037373,0.000000,1.000000
-1.375000,10.000000,0.950000,-0.436933,0.000000,1.000000
-1.375000,25.000000,0.150000,-0.796812,0.000000,1.000000
-1.375000,25.000000,0.100000,-0.866295,0.000000,1.000000
-1.375000,25.000000,0.200000,-0.735466,0.000000,1.000000
-1.375000,25.000000,0.300000,-0.633355,0.000000,1.000000
-1.375000,25.000000,0.250000,-0.681845,0.000000,1.000000
-1.375000,25.000000,0.400000,-0.550542,0.000000,1.000000
-1.375000,25.000000,0.450000,-0.514941,0.000000,1.000000
-1.375000,25.000000,0.500000,-0.483024,0.000000,1.000000
-1.375000,25.000000,0.350000,-0.589706,0.000000,1.000000
-1.375000,25.000000,0.850000,-0.324851,0.000000,1.000000
-1.375000,25.000000,0.900000,-0.307978,0.000000,1.000000
-1.375000,25.000000,1.000000,-0.278888,0.000000,1.000000
-1.375000,25.000000,0.600000,-0.427330,0.000000,1.000000
-1.375000,25.000000,0.800000,-0.340705,0.000000,1.000000
-1.375000,25.000000,0.550000,-0.453679,0.000000,1.000000
-1.375000,25.000000,0.950000,-0.293498,0.000000,1.000000
-1.375000,25.000000,0.750000,-0.360543,0.000000,1.000000
-1.375000,25.000000,0.650000,-0.401560,0.000000,1.000000
-1.375000,25.000000,0.700000,-0.381006,0.000000,1.000000
-1.375000,50.000000,0.100000,-0.941661,0.000000,1.000000
-1.375000,50.000000,0.400000,-0.448814,0.000000,1.000000
-1.375000,50.000000,0.050000,-1.103821,0.000000,1.000000
-1.375000,50.000000,0.600000,-0.311234,0.000000,1.000000
-1.375000,50.000000,0.550000,-0.339205,0.000000,1.000000
-1.375000,50.000000,0.200000,-0.709778,0.000000,1.000000
-1.375000,50.000000,0.650000,-0.286825,0.000000,1.000000
-1.375000,50.000000,0.350000,-0.498696,0.000000,1.000000
-1.375000,50.000000,0.300000,-0.556120,0.000000,1.000000
-1.375000,50.000000,0.500000,-0.370543,0.000000,1.000000
-1.375000,50.000000,0.450000,-0.406751,0.000000,1.000000
-1.375000,50.000000,0.250000,-0.625157,0.000000,1.000000
-1.375000,50.000000,0.750000,-0.245888,0.000000,1.000000
-1.375000,50.000000,0.150000,-0.812802,0.000000,1.000000
-1.375000,50.000000,0.700000,-0.264635,0.000000,1.000000
-1.375000,50.000000,0.800000,-0.228603,0.000000,1.000000
-1.375000,50.000000,0.000000,-1.316510,0.000000,1.000000
-1.125000,10.000000,0.000000,-0.845228,0.000000,1.000000
-1.125000,10.000000,0.050000,-0.818335,0.000000,1.000000
-1.125000,10.000000,0.150000,-0.764661,0.000000,1.000000
-1.375000,50.000000,0.900000,-0.199797,0.000000,1.000000
-1.375000,50.000000,0.850000,-0.212743,0.000000,1.000000
-1.125000,10.000000,0.100000,-0.790937,0.000000,1.000000
-1.375000,50.000000,1.000000,-0.174331,0.000000,1.000000
-1.125000,10.000000,0.200000,-0.740466,0.000000,1.000000
-1.375000,50.000000,0.950000,-0.186225,0.000000,1.000000
-1.125000,10.000000,0.250000,-0.716713,0.000000,1.000000
-1.125000,10.000000,0.350000,-0.672941,0.000000,1.000000
-1.125000,10.000000,0.300000,-0.694511,0.000000,1.000000
-1.375000,100.000000,0.200000,-0.607352,0.000000,1.000000
-1.375000,100.000000,0.050000,-1.254711,0.000000,1.000000
-1.125000,10.000000,0.400000,-0.652343,0.000000,1.000000
-1.125000,10.000000,0.450000,-0.632010,0.000000,1.000000
-1.375000,100.000000,0.900000,-0.117289,0.000000,1.000000
-1.375000,100.000000,0.750000,-0.147945,0.000000,1.000000
-1.125000,10.000000,0.500000,-0.613889,0.000000,1.000000
-1.375000,100.000000,0.700000,-0.163282,0.000000,1.000000
-1.375000,100.000000,0.400000,-0.320248,0.000000,1.000000
-1.375000,100.000000,0.350000,-0.366557,0.000000,1.000000
-1.375000,100.000000,0.600000,-0.200744,0.000000,1.000000
-1.125000,10.000000,0.850000,-0.506086,0.000000,1.000000
-1.375000,100.000000,0.650000,-0.179777,0.000000,1.000000
-1.125000,10.000000,0.600000,-0.580198,0.000000,1.000000
-1.375000,100.000000,0.950000,-0.106932,0.000000,1.000000
-1.375000,100.000000,0.150000,-0.748316,0.000000,1.000000
-1.125000,10.000000,0.550000,-0.597810,0.000000,1.000000
-1.375000,100.000000,0.850000,-0.127101,0.000000,1.000000
-1.375000,100.000000,0.100000,-0.949598,0.000000,1.000000
-1.125000,10.000000,0.650000,-0.562841,0.000000,1.000000
-1.375000,100.000000,0.800000,-0.138422,0.000000,1.000000
-1.375000,100.000000,0.450000,-0.281585,0.000000,1.000000
-1.375000,100.000000,0.000000,-1.757644,0.000000,1.000000
-1.375000,100.000000,0.550000,-0.223188,0.000000,1.000000
-1.375000,100.000000,0.300000,-0.428038,0.000000,1.000000
-1.125000,10.000000,0.900000,-0.492663,0.000000,1.000000
-1.375000,100.000000,1.000000,-0.100556,0.000000,1.000000
-1.125000,10.000000,0.750000,-0.531015,0.000000,1.000000
-1.125000,10.000000,1.000000,-0.463422,0.000000,1.000000
-1.375000,100.000000,0.500000,-0.250078,0.000000,1.000000
-1.375000,100.000000,0.250000,-0.505671,0.000000,1.000000
-1.125000,10.000000,0.800000,-0.519784,0.000000,1.000000
-1.125000,25.000000,0.000000,-1.026705,0.000000,1.000000
-1.125000,10.000000,0.700000,-0.547244,0.000000,1.000000
-1.125000,10.000000,0.950000,-0.477892,0.000000,1.000000
-1.125000,25.000000,0.400000,-0.568923,0.000000,1.000000
-1.125000,25.000000,0.050000,-0.941581,0.000000,1.000000
-1.125000,25.000000,0.250000,-0.693108,0.000000,1.000000
-1.125000,25.000000,0.100000,-0.867852,0.000000,1.000000
-1.125000,25.000000,0.850000,-0.346900,0.000000,1.000000
-1.125000,25.000000,0.300000,-0.647045,0.000000,1.000000
-1.125000,25.000000,0.800000,-0.366917,0.000000,1.000000
-1.125000,25.000000,0.450000,-0.533634,0.000000,1.000000
-1.125000,25.000000,0.350000,-0.605720,0.000000,1.000000
-1.125000,25.000000,0.550000,-0.475691,0.000000,1.000000
-1.125000,25.000000,0.150000,-0.802761,0.000000,1.000000
-1.125000,25.000000,0.500000,-0.504126,0.000000,1.000000
-1.125000,25.000000,0.600000,-0.448595,0.000000,1.000000
-1.125000,25.000000,0.200000,-0.744672,0.000000,1.000000
-1.125000,25.000000,0.700000,-0.404532,0.000000,1.000000
-1.125000,25.000000,0.950000,-0.318375,0.000000,1.000000
-1.125000,25.000000,1.000000,-0.304539,0.000000,1.000000
-1.125000,25.000000,0.750000,-0.383071,0.000000,1.000000
-1.125000,25.000000,0.900000,-0.333972,0.000000,1.000000
-1.125000,50.000000,0.050000,-1.062603,0.000000,1.000000
-1.125000,50.000000,0.100000,-0.912657,0.000000,1.000000
-1.125000,50.000000,0.250000,-0.620926,0.000000,1.000000
-1.125000,50.000000,0.350000,-0.500849,0.000000,1.000000
-1.125000,50.000000,0.200000,-0.698505,0.000000,1.000000
-1.125000,50.000000,0.000000,-1.257844,0.000000,1.000000
-1.125000,50.000000,0.150000,-0.794823,0.000000,1.000000
-1.125000,50.000000,0.400000,-0.454372,0.000000,1.000000
-1.125000,25.000000,0.650000,-0.426978,0.000000,1.000000
-1.125000,50.000000,0.300000,-0.556214,0.000000,1.000000
-1.125000,50.000000,0.450000,-0.414469,0.000000,1.000000
-1.125000,50.000000,0.550000,-0.349775,0.000000,1.000000
-1.125000,50.000000,0.750000,-0.260312,0.000000,1.000000
-1.125000,50.000000,0.700000,-0.279117,0.000000,1.000000
-1.125000,50.000000,0.500000,-0.380848,0.000000,1.000000
-1.125000,50.000000,0.800000,-0.244171,0.000000,1.000000
-1.125000,50.000000,0.900000,-0.215293,0.000000,1.000000
-1.125000,50.000000,0.650000,-0.300881,0.000000,1.000000
-1.125000,50.000000,0.600000,-0.324286,0.000000,1.000000
-1.125000,50.000000,0.850000,-0.229529,0.000000,1.000000
-1.125000,50.000000,1.000000,-0.191144,0.000000,1.000000
-1.125000,50.000000,0.950000,-0.203236,0.000000,1.000000
-0.875000,10.000000,0.000000,-0.876934,0.000000,1.000000
-0.875000,10.000000,0.100000,-0.823179,0.000000,1.000000
-0.875000,10.000000,0.150000,-0.798937,0.000000,1.000000
-0.875000,10.000000,0.050000,-0.849382,0.000000,1.000000
-1.125000,100.000000,0.000000,-1.606336,0.000000,1.000000
-0.875000,10.000000,0.300000,-0.729733,0.000000,1.000000
-1.125000,100.000000,0.150000,-0.712559,0.000000,1.000000
-0.875000,10.000000,0.250000,-0.752260,0.000000,1.000000
-0.875000,10.000000,0.200000,-0.774694,0.000000,1.000000
-1.125000,100.000000,0.100000,-0.893381,0.000000,1.000000
-0.875000,10.000000,0.450000,-0.669508,0.000000,1.000000
-0.875000,10.000000,0.500000,-0.652711,0.000000,1.000000
-0.875000,10.000000,0.400000,-0.690144,0.000000,1.000000
-0.875000,10.000000,0.550000,-0.633074,0.000000,1.000000
-0.875000,10.000000,0.650000,-0.602653,0.000000,1.000000
-0.875000,10.000000,0.600000,-0.618616,0.000000,1.000000
-0.875000,10.000000,0.700000,-0.586432,0.000000,1.000000
-0.875000,10.000000,0.750000,-0.572679,0.000000,1.000000
-0.875000,10.000000,0.850000,-0.544215,0.000000,1.000000
-0.875000,10.000000,0.800000,-0.560502,0.000000,1.000000
-0.875000,10.000000,0.900000,-0.531218,0.000000,1.000000
-1.125000,100.000000,0.050000,-1.165529,0.000000,1.000000
-1.125000,100.000000,0.350000,-0.363295,0.000000,1.000000
-1.125000,100.000000,0.200000,-0.583930,0.000000,1.000000
-0.875000,10.000000,0.350000,-0.709949,0.000000,1.000000
-1.125000,100.000000,0.400000,-0.319481,0.000000,1.000000
-1.125000,100.000000,0.700000,-0.172008,0.000000,1.000000
-1.125000,100.000000,0.250000,-0.489460,0.000000,1.000000
-1.125000,100.000000,0.550000,-0.225277,0.000000,1.000000
-0.875000,10.000000,1.000000,-0.505532,0.000000,1.000000
-1.125000,100.000000,0.950000,-0.115522,0.000000,1.000000
-1.125000,100.000000,0.650000,-0.185473,0.000000,1.000000
-1.125000,100.000000,0.300000,-0.419765,0.000000,1.000000
-1.125000,100.000000,0.900000,-0.124023,0.000000,1.000000
-1.125000,100.000000,0.450000,-0.280626,0.000000,1.000000
-1.125000,100.000000,0.600000,-0.203877,0.000000,1.000000
-1.125000,100.000000,0.750000,-0.155892,0.000000,1.000000
-1.125000,100.000000,0.800000,-0.146272,0.000000,1.000000
-0.875000,25.000000,0.200000,-0.754215,0.000000,1.000000
-0.875000,25.000000,0.100000,-0.870108,0.000000,1.000000
-1.125000,100.000000,0.500000,-0.252651,0.000000,1.000000
-1.125000,100.000000,0.850000,-0.133539,0.000000,1.000000
-0.875000,25.000000,0.000000,-1.017441,0.000000,1.000000
-1.125000,100.000000,1.000000,-0.108092,0.000000,1.000000
-0.875000,10.000000,0.950000,-0.515955,0.000000,1.000000
-0.875000,25.000000,0.250000,-0.705571,0.000000,1.000000
-0.875000,25.000000,0.350000,-0.621932,0.000000,1.000000
-0.875000,25.000000,0.050000,-0.939776,0.000000,1.000000
-0.875000,25.000000,0.150000,-0.808784,0.000000,1.000000
-0.875000,25.000000,0.300000,-0.659496,0.000000,1.000000
-0.875000,25.000000,0.500000,-0.525629,0.000000,1.000000
-0.875000,25.000000,0.400000,-0.586048,0.000000,1.000000
-0.875000,25.000000,0.550000,-0.495976,0.000000,1.000000
-0.875000,25.000000,0.450000,-0.552836,0.000000,1.000000
-0.875000,25.000000,0.900000,-0.356643,0.000000,1.000000
-0.875000,25.000000,1.000000,-0.332034,0.000000,1.000000
-0.875000,25.000000,0.800000,-0.390230,0.000000,1.000000
-0.875000,25.000000,0.750000,-0.408290,0.000000,1.000000
-0.875000,25.000000,0.850000,-0.372296,0.000000,1.000000
-0.875000,25.000000,0.950000,-0.342043,0.000000,1.000000
-0.875000,25.000000,0.700000,-0.426756,0.000000,1.000000
-0.875000,25.000000,0.600000,-0.471009,0.000000,1.000000
-0.875000,50.000000,0.050000,-1.021294,0.000000,1.000000
-0.875000,25.000000,0.650000,-0.448005,0.000000,1.000000
-0.875000,50.000000,0.000000,-1.195910,0.000000,1.000000
-0.875000,50.000000,0.100000,-0.884896,0.000000,1.000000
-0.875000,50.000000,0.400000,-0.461156,0.000000,1.000000
-0.875000,50.000000,0.300000,-0.556218,0.000000,1.000000
-0.875000,50.000000,0.550000,-0.362382,0.000000,1.000000
-0.875000,50.000000,0.150000,-0.777027,0.000000,1.000000
-0.875000,50.000000,0.200000,-0.688950,0.000000,1.000000
-0.875000,50.000000,0.450000,-0.422388,0.000000,1.000000
-0.875000,50.000000,0.600000,-0.336884,0.000000,1.000000
-0.875000,50.000000,0.500000,-0.391927,0.000000,1.000000
-0.875000,50.000000,0.250000,-0.616696,0.000000,1.000000
-0.875000,50.000000,0.650000,-0.314351,0.000000,1.000000
-0.875000,50.000000,0.350000,-0.505616,0.000000,1.000000
-0.875000,50.000000,0.850000,-0.244042,0.000000,1.000000
-0.875000,50.000000,0.800000,-0.259866,0.000000,1.000000
-0.875000,50.000000,0.700000,-0.293661,0.000000,1.000000
-0.875000,50.000000,0.950000,-0.219624,0.000000,1.000000
-0.875000,50.000000,1.000000,-0.208912,0.000000,1.000000
-0.875000,50.000000,0.750000,-0.276159,0.000000,1.000000
-0.625000,10.000000,0.150000,-0.832026,0.000000,1.000000
-0.625000,10.000000,0.100000,-0.856531,0.000000,1.000000
-0.625000,10.000000,0.000000,-0.908039,0.000000,1.000000
-0.625000,10.000000,0.200000,-0.807832,0.000000,1.000000
-0.625000,10.000000,0.050000,-0.881542,0.000000,1.000000
-0.625000,10.000000,0.250000,-0.785501,0.000000,1.000000
-0.875000,50.000000,0.900000,-0.231692,0.000000,1.000000
-0.625000,10.000000,0.300000,-0.764153,0.000000,1.000000
-0.625000,10.000000,0.350000,-0.743747,0.000000,1.000000
-0.625000,10.000000,0.400000,-0.725214,0.000000,1.000000
-0.875000,100.000000,0.000000,-1.459818,0.000000,1.000000
-0.875000,100.000000,0.200000,-0.563614,0.000000,1.000000
-0.625000,10.000000,0.450000,-0.704264,0.000000,1.000000
-0.875000,100.000000,0.150000,-0.677366,0.000000,1.000000
-0.625000,10.000000,0.550000,-0.670557,0.000000,1.000000
-0.875000,100.000000,0.300000,-0.411658,0.000000,1.000000
-0.625000,10.000000,0.500000,-0.689762,0.000000,1.000000
-0.625000,10.000000,0.600000,-0.656995,0.000000,1.000000
-0.625000,10.000000,0.650000,-0.639274,0.000000,1.000000
-0.625000,10.000000,0.850000,-0.582577,0.000000,1.000000
-0.625000,10.000000,0.700000,-0.626157,0.000000,1.000000
-0.625000,10.000000,0.750000,-0.610890,0.000000,1.000000
-0.625000,10.000000,0.800000,-0.596990,0.000000,1.000000
-0.875000,100.000000,0.450000,-0.286207,0.000000,1.000000
-0.875000,100.000000,0.350000,-0.358599,0.000000,1.000000
-0.875000,100.000000,0.700000,-0.177592,0.000000,1.000000
-0.875000,100.000000,0.950000,-0.126908,0.000000,1.000000
-0.875000,100.000000,0.600000,-0.213001,0.000000,1.000000
-0.875000,100.000000,0.250000,-0.477589,0.000000,1.000000
-0.875000,100.000000,0.900000,-0.135599,0.000000,1.000000
-0.875000,100.000000,0.100000,-0.838850,0.000000,1.000000
-0.875000,100.000000,0.800000,-0.152500,0.000000,1.000000
-0.875000,100.000000,0.050000,-1.078136,0.000000,1.000000
-0.875000,100.000000,0.650000,-0.192827,0.000000,1.000000
-0.875000,100.000000,1.000000,-0.119204,0.000000,1.000000
-0.875000,100.000000,0.750000,-0.166250,0.000000,1.000000
-0.625000,10.000000,0.900000,-0.569722,0.000000,1.000000
-0.875000,100.000000,0.850000,-0.142342,0.000000,1.000000
-0.875000,100.000000,0.550000,-0.232751,0.000000,1.000000
-0.875000,100.000000,0.400000,-0.317031,0.000000,1.000000
-0.875000,100.000000,0.500000,-0.256780,0.000000,1.000000
-0.625000,10.000000,1.000000,-0.543943,0.000000,1.000000
-0.625000,25.000000,0.300000,-0.675397,0.000000,1.000000
-0.625000,25.000000,0.250000,-0.717549,0.000000,1.000000
-0.625000,25.000000,0.100000,-0.872214,0.000000,1.000000
-0.625000,25.000000,0.000000,-1.009997,0.000000,1.000000
-0.625000,25.000000,0.150000,-0.815049,0.000000,1.000000
-0.625000,10.000000,0.950000,-0.557340,0.000000,1.000000
-0.625000,25.000000,0.050000,-0.936165,0.000000,1.000000
-0.625000,25.000000,0.200000,-0.762108,0.000000,1.000000
-0.625000,25.000000,0.400000,-0.604788,0.000000,1.000000
-0.625000,25.000000,0.550000,-0.518923,0.000000,1.000000
-0.625000,25.000000,0.650000,-0.473753,0.000000,1.000000
-0.625000,25.000000,0.450000,-0.574402,0.000000,1.000000
-0.625000,25.000000,0.500000,-0.545454,0.000000,1.000000
-0.625000,25.000000,0.350000,-0.638480,0.000000,1.000000
-0.625000,25.000000,0.800000,-0.416994,0.000000,1.000000
-0.625000,25.000000,0.600000,-0.494999,0.000000,1.000000
-0.625000,25.000000,0.750000,-0.433074,0.000000,1.000000
-0.625000,25.000000,0.700000,-0.452487,0.000000,1.000000
-0.625000,25.000000,0.900000,-0.384100,0.000000,1.000000
-0.625000,25.000000,0.950000,-0.367242,0.000000,1.000000
-0.625000,25.000000,1.000000,-0.357701,0.000000,1.000000
-0.625000,25.000000,0.850000,-0.399899,0.000000,1.000000
-0.625000,50.000000,0.200000,-0.678745,0.000000,1.000000
-0.625000,50.000000,0.000000,-1.135822,0.000000,1.000000
-0.625000,50.000000,0.300000,-0.557187,0.000000,1.000000
-0.625000,50.000000,0.150000,-0.758576,0.000000,1.000000
-0.625000,50.000000,0.050000,-0.979507,0.000000,1.000000
-0.625000,50.000000,0.350000,-0.508325,0.000000,1.000000
-0.625000,50.000000,0.400000,-0.467524,0.000000,1.000000
-0.625000,50.000000,0.250000,-0.611664,0.000000,1.000000
-0.625000,50.000000,0.100000,-0.856610,0.000000,1.000000
-0.625000,50.000000,0.600000,-0.349531,0.000000,1.000000
-0.625000,50.000000,0.800000,-0.276212,0.000000,1.000000
-0.625000,50.000000,0.450000,-0.433076,0.000000,1.000000
-0.625000,50.000000,0.550000,-0.374335,0.000000,1.000000
-0.625000,50.000000,0.700000,-0.308774,0.000000,1.000000
-0.625000,50.000000,0.650000,-0.329276,0.000000,1.000000
-0.625000,50.000000,0.750000,-0.290877,0.000000,1.000000
-0.625000,50.000000,0.500000,-0.401363,0.000000,1.000000
-0.625000,50.000000,0.850000,-0.262191,0.000000,1.000000
-0.625000,50.000000,0.950000,-0.237090,0.000000,1.000000
-0.625000,50.000000,1.000000,-0.225441,0.000000,1.000000
-0.625000,50.000000,0.900000,-0.249108,0.000000,1.000000
-0.375000,10.000000,0.000000,-0.938957,0.000000,1.000000
-0.375000,10.000000,0.050000,-0.913353,0.000000,1.000000
-0.375000,10.000000,0.150000,-0.863686,0.000000,1.000000
-0.375000,10.000000,0.100000,-0.888715,0.000000,1.000000
-0.625000,100.000000,0.000000,-1.319417,0.000000,1.000000
-0.375000,10.000000,0.200000,-0.841359,0.000000,1.000000
-0.375000,10.000000,0.250000,-0.821436,0.000000,1.000000
-0.375000,10.000000,0.300000,-0.802095,0.000000,1.000000
-0.375000,10.000000,0.350000,-0.782333,0.000000,1.000000
-0.625000,100.000000,0.100000,-0.784082,0.000000,1.000000
-0.625000,100.000000,0.050000,-0.992137,0.000000,1.000000
-0.625000,100.000000,0.500000,-0.259884,0.000000,1.000000
-0.375000,10.000000,0.500000,-0.727154,0.000000,1.000000
-0.625000,100.000000,0.550000,-0.237858,0.000000,1.000000
-0.375000,10.000000,0.550000,-0.712989,0.000000,1.000000
-0.375000,10.000000,0.600000,-0.694610,0.000000,1.000000
-0.375000,10.000000,0.450000,-0.745993,0.000000,1.000000
-0.375000,10.000000,0.700000,-0.664350,0.000000,1.000000
-0.375000,10.000000,0.400000,-0.761223,0.000000,1.000000
-0.375000,10.000000,0.750000,-0.652373,0.000000,1.000000
-0.375000,10.000000,0.650000,-0.683884,0.000000,1.000000
-0.625000,100.000000,0.250000,-0.463846,0.000000,1.000000
-0.625000,100.000000,0.650000,-0.203061,0.000000,1.000000
-0.625000,100.000000,0.600000,-0.218045,0.000000,1.000000
-0.375000,10.000000,0.850000,-0.625644,0.000000,1.000000
-0.375000,10.000000,0.900000,-0.608898,0.000000,1.000000
-0.625000,100.000000,0.350000,-0.356576,0.000000,1.000000
-0.375000,10.000000,0.800000,-0.639216,0.000000,1.000000
-0.625000,100.000000,0.850000,-0.152740,0.000000,1.000000
-0.625000,100.000000,0.700000,-0.187369,0.000000,1.000000
-0.625000,100.000000,0.300000,-0.405351,0.000000,1.000000
-0.625000,100.000000,0.950000,-0.135616,0.000000,1.000000
-0.375000,10.000000,1.000000,-0.586042,0.000000,1.000000
-0.625000,100.000000,0.750000,-0.173425,0.000000,1.000000
-0.625000,100.000000,0.400000,-0.317711,0.000000,1.000000
-0.625000,100.000000,0.200000,-0.539883,0.000000,1.000000
-0.375000,10.000000,0.950000,-0.597193,0.000000,1.000000
-0.625000,100.000000,0.150000,-0.642236,0.000000,1.000000
-0.625000,100.000000,0.900000,-0.143156,0.000000,1.000000
-0.625000,100.000000,0.450000,-0.286012,0.000000,1.000000
-0.625000,100.000000,1.000000,-0.127390,0.000000,1.000000
-0.625000,100.000000,0.800000,-0.162697,0.000000,1.000000
-0.375000,25.000000,0.150000,-0.819779,0.000000,1.000000
-0.375000,25.000000,0.000000,-1.000286,0.000000,1.000000
-0.375000,25.000000,0.100000,-0.873142,0.000000,1.000000
-0.375000,25.000000,0.050000,-0.933164,0.000000,1.000000
-0.375000,25.000000,0.250000,-0.726861,0.000000,1.000000
-0.375000,25.000000,0.450000,-0.591534,0.000000,1.000000
-0.375000,25.000000,0.300000,-0.690056,0.000000,1.000000
-0.375000,25.000000,0.200000,-0.772244,0.000000,1.000000
-0.375000,25.000000,0.350000,-0.654594,0.000000,1.000000
-0.375000,25.000000,0.600000,-0.519875,0.000000,1.000000
-0.375000,25.000000,0.400000,-0.622315,0.000000,1.000000
-0.375000,25.000000,0.800000,-0.440931,0.000000,1.000000
-0.375000,25.000000,0.700000,-0.476713,0.000000,1.000000
-0.375000,25.000000,0.500000,-0.563688,0.000000,1.000000
-0.375000,25.000000,0.550000,-0.542263,0.000000,1.000000
-0.375000,25.000000,0.650000,-0.497496,0.000000,1.000000
-0.375000,25.000000,0.750000,-0.458022,0.000000,1.000000
-0.375000,25.000000,0.900000,-0.409020,0.000000,1.000000
-0.375000,25.000000,0.850000,-0.426879,0.000000,1.000000
-0.375000,25.000000,0.950000,-0.393286,0.000000,1.000000
-0.375000,50.000000,0.000000,-1.075932,0.000000,1.000000
-0.375000,25.000000,1.000000,-0.383625,0.000000,1.000000
-0.375000,50.000000,0.100000,-0.829022,0.000000,1.000000
-0.375000,50.000000,0.050000,-0.938259,0.000000,1.000000
-0.375000,50.000000,0.250000,-0.607263,0.000000,1.000000
-0.375000,50.000000,0.150000,-0.741084,0.000000,1.000000
-0.375000,50.000000,0.550000,-0.385906,0.000000,1.000000
-0.375000,50.000000,0.300000,-0.556800,0.000000,1.000000
-0.375000,50.000000,0.750000,-0.307364,0.000000,1.000000
-0.375000,50.000000,0.350000,-0.512309,0.000000,1.000000
-0.375000,50.000000,0.450000,-0.440428,0.000000,1.000000
-0.375000,50.000000,0.500000,-0.410323,0.000000,1.000000
-0.375000,50.000000,0.400000,-0.473303,0.000000,1.000000
-0.375000,50.000000,1.000000,-0.241891,0.000000,1.000000
-0.375000,50.000000,0.850000,-0.277390,0.000000,1.000000
-0.375000,50.000000,0.200000,-0.668221,0.000000,1.000000
-0.375000,50.000000,0.600000,-0.365230,0.000000,1.000000
-0.375000,50.000000,0.700000,-0.323587,0.000000,1.000000
-0.375000,50.000000,0.650000,-0.343224,0.000000,1.000000
-0.375000,50.000000,0.900000,-0.265530,0.000000,1.000000
-0.375000,50.000000,0.950000,-0.252885,0.000000,1.000000
-0.375000,50.000000,0.800000,-0.292377,0.000000,1.000000
-0.125000,10.000000,0.000000,-0.969417,0.000000,1.000000
-0.125000,10.000000,0.100000,-0.921865,0.000000,1.000000
-0.125000,10.000000,0.050000,-0.944851,0.000000,1.000000
-0.125000,10.000000,0.150000,-0.898525,0.000000,1.000000
-0.375000,100.000000,0.300000,-0.397086,0.000000,1.000000
-0.125000,10.000000,0.250000,-0.856153,0.000000,1.000000
-0.125000,10.000000,0.200000,-0.878089,0.000000,1.000000
-0.375000,100.000000,0.050000,-0.909035,0.000000,1.000000
-0.125000,10.000000,0.300000,-0.837545,0.000000,1.000000
-0.125000,10.000000,0.350000,-0.815820,0.000000,1.000000
-0.125000,10.000000,0.400000,-0.797354,0.000000,1.000000
-0.125000,10.000000,0.450000,-0.779619,0.000000,1.000000
-0.125000,10.000000,0.550000,-0.746178,0.000000,1.000000
-0.125000,10.000000,1.000000,-0.628833,0.000000,1.000000
-0.125000,10.000000,0.500000,-0.767552,0.000000,1.000000
-0.125000,10.000000,0.750000,-0.689596,0.000000,1.000000
-0.125000,10.000000,0.650000,-0.715202,0.000000,1.000000
-0.125000,10.000000,0.700000,-0.707078,0.000000,1.000000
-0.125000,10.000000,0.600000,-0.736252,0.000000,1.000000
-0.375000,100.000000,0.150000,-0.607943,0.000000,1.000000
-0.375000,100.000000,0.500000,-0.264170,0.000000,1.000000
-0.375000,100.000000,0.100000,-0.731686,0.000000,1.000000
-0.375000,100.000000,0.000000,-1.183238,0.000000,1.000000
-0.375000,100.000000,0.200000,-0.518871,0.000000,1.000000
-0.375000,100.000000,0.450000,-0.289478,0.000000,1.000000
-0.375000,100.000000,0.550000,-0.243065,0.000000,1.000000
-0.125000,10.000000,0.800000,-0.676592,0.000000,1.000000
-0.375000,100.000000,0.250000,-0.450492,0.000000,1.000000
-0.125000,10.000000,0.900000,-0.653507,0.000000,1.000000
-0.375000,100.000000,0.750000,-0.184413,0.000000,1.000000
-0.125000,10.000000,0.850000,-0.663431,0.000000,1.000000
-0.375000,100.000000,0.800000,-0.170730,0.000000,1.000000
-0.375000,100.000000,0.700000,-0.195434,0.000000,1.000000
-0.375000,100.000000,0.350000,-0.355003,0.000000,1.000000
-0.375000,100.000000,0.850000,-0.160854,0.000000,1.000000
-0.375000,100.000000,0.600000,-0.225252,0.000000,1.000000
-0.375000,100.000000,0.950000,-0.145037,0.000000,1.000000
-0.375000,100.000000,1.000000,-0.137206,0.000000,1.000000
-0.375000,100.000000,0.400000,-0.318500,0.000000,1.000000
-0.125000,10.000000,0.950000,-0.640888,0.000000,1.000000
-0.375000,100.000000,0.900000,-0.151962,0.000000,1.000000
-0.375000,100.000000,0.650000,-0.209340,0.000000,1.000000
-0.125000,25.000000,0.050000,-0.928905,0.000000,1.000000
-0.125000,25.000000,0.000000,-0.990971,0.000000,1.000000
-0.125000,25.000000,0.200000,-0.781650,0.000000,1.000000
-0.125000,25.000000,0.100000,-0.874765,0.000000,1.000000
-0.125000,25.000000,0.150000,-0.825889,0.000000,1.000000
-0.125000,25.000000,0.250000,-0.740764,0.000000,1.000000
-0.125000,25.000000,0.400000,-0.641946,0.000000,1.000000
-0.125000,25.000000,0.750000,-0.482820,0.000000,1.000000
-0.125000,25.000000,0.450000,-0.611953,0.000000,1.000000
-0.125000,25.000000,0.550000,-0.564288,0.000000,1.000000
-0.125000,25.000000,1.000000,-0.409499,0.000000,1.000000
-0.125000,25.000000,0.300000,-0.705258,0.000000,1.000000
-0.125000,25.000000,0.500000,-0.586765,0.000000,1.000000
-0.125000,25.000000,0.900000,-0.437180,0.000000,1.000000
-0.125000,25.000000,0.650000,-0.521779,0.000000,1.000000
-0.125000,25.000000,0.850000,-0.452450,0.000000,1.000000
-0.125000,25.000000,0.350000,-0.671076,0.000000,1.000000
-0.125000,25.000000,0.950000,-0.423340,0.000000,1.000000
-0.125000,25.000000,0.800000,-0.466968,0.000000,1.000000
-0.125000,25.000000,0.600000,-0.542440,0.000000,1.000000
-0.125000,25.000000,0.700000,-0.502673,0.000000,1.000000
-0.125000,50.000000,0.100000,-0.800972,0.000000,1.000000
-0.125000,50.000000,0.000000,-1.016634,0.000000,1.000000
-0.125000,50.000000,0.050000,-0.896999,0.000000,1.000000
-0.125000,50.000000,0.150000,-0.722085,0.000000,1.000000
-0.125000,50.000000,0.300000,-0.555848,0.000000,1.000000
-0.125000,50.000000,0.200000,-0.657357,0.000000,1.000000
-0.125000,50.000000,1.000000,-0.256916,0.000000,1.000000
-0.125000,50.000000,0.250000,-0.602465,0.000000,1.000000
-0.125000,50.000000,0.400000,-0.481484,0.000000,1.000000
-0.125000,50.000000,0.450000,-0.447958,0.000000,1.000000
-0.125000,50.000000,0.650000,-0.355315,0.000000,1.000000
-0.125000,50.000000,0.350000,-0.515577,0.000000,1.000000
-0.125000,50.000000,0.500000,-0.421387,0.000000,1.000000
-0.125000,50.000000,0.850000,-0.292619,0.000000,1.000000
-0.125000,50.000000,0.800000,-0.306674,0.000000,1.000000
-0.125000,50.000000,0.700000,-0.338397,0.000000,1.000000
-0.125000,50.000000,0.750000,-0.321629,0.000000,1.000000
0.125000,10.000000,0.050000,-0.975264,0.000000,1.000000
-0.125000,50.000000,0.950000,-0.268947,0.000000,1.000000
-0.125000,50.000000,0.900000,-0.281426,0.000000,1.000000
0.125000,10.000000,0.000000,-0.999911,0.000000,1.000000
-0.125000,100.000000,0.250000,-0.438295,0.000000,1.000000
0.125000,10.000000,0.100000,-0.953965,0.000000,1.000000
0.125000,10.000000,0.150000,-0.933295,0.000000,1.000000
-0.125000,100.000000,0.050000,-0.828550,0.000000,1.000000
0.125000,10.000000,0.200000,-0.913113,0.000000,1.000000
-0.125000,100.000000,0.000000,-1.052817,0.000000,1.000000
-0.125000,100.000000,0.300000,-0.390615,0.000000,1.000000
0.125000,10.000000,0.250000,-0.892898,0.000000,1.000000
0.125000,10.000000,0.300000,-0.874012,0.000000,1.000000
-0.125000,100.000000,0.100000,-0.679839,0.000000,1.000000
0.125000,10.000000,0.350000,-0.854421,0.000000,1.000000
0.125000,10.000000,0.500000,-0.803459,0.000000,1.000000
0.125000,10.000000,0.400000,-0.836168,0.000000,1.000000
0.125000,10.000000,0.650000,-0.759078,0.000000,1.000000
0.125000,10.000000,0.450000,-0.818028,0.000000,1.000000
0.125000,10.000000,0.550000,-0.788375,0.000000,1.000000
0.125000,10.000000,0.800000,-0.718921,0.000000,1.000000
0.125000,10.000000,0.750000,-0.732136,0.000000,1.000000
0.125000,10.000000,0.600000,-0.774547,0.000000,1.000000
0.125000,10.000000,0.700000,-0.744300,0.000000,1.000000
-0.125000,100.000000,0.400000,-0.318070,0.000000,1.000000
-0.125000,100.000000,0.500000,-0.268878,0.000000,1.000000
-0.125000,100.000000,0.350000,-0.351119,0.000000,1.000000
0.125000,25.000000,0.000000,-0.981696,0.000000,1.000000
-0.125000,100.000000,1.000000,-0.146436,0.000000,1.000000
-0.125000,100.000000,0.200000,-0.496322,0.000000,1.000000
-0.125000,100.000000,0.750000,-0.189807,0.000000,1.000000
0.125000,10.000000,0.900000,-0.692205,0.000000,1.000000
-0.125000,100.000000,0.600000,-0.232572,0.000000,1.000000
0.125000,10.000000,0.950000,-0.678566,0.000000,1.000000
-0.125000,100.000000,0.700000,-0.202461,0.000000,1.000000
-0.125000,100.000000,0.650000,-0.216653,0.000000,1.000000
-0.125000,100.000000,0.450000,-0.290008,0.000000,1.000000
0.125000,25.000000,0.100000,-0.875703,0.000000,1.000000
-0.125000,100.000000,0.150000,-0.574177,0.000000,1.000000
-0.125000,100.000000,0.950000,-0.154976,0.000000,1.000000
-0.125000,100.000000,0.550000,-0.248161,0.000000,1.000000
0.125000,25.000000,0.150000,-0.830850,0.000000,1.000000
-0.125000,100.000000,0.800000,-0.179091,0.000000,1.000000
-0.125000,100.000000,0.900000,-0.160564,0.000000,1.000000
0.125000,25.000000,0.050000,-0.926204,0.000000,1.000000
0.125000,25.000000,0.300000,-0.719167,0.000000,1.000000
0.125000,25.000000,0.250000,-0.753531,0.000000,1.000000
0.125000,25.000000,0.200000,-0.789722,0.000000,1.000000
0.125000,25.000000,0.400000,-0.658161,0.000000,1.000000
0.125000,25.000000,1.000000,-0.432971,0.000000,1.000000
0.125000,25.000000,0.550000,-0.584392,0.000000,1.000000
0.125000,25.000000,0.450000,-0.635187,0.000000,1.000000
0.125000,25.000000,0.750000,-0.509080,0.000000,1.000000
0.125000,25.000000,0.500000,-0.608073,0.000000,1.000000
0.125000,25.000000,0.850000,-0.476571,0.000000,1.000000
0.125000,25.000000,0.650000,-0.543385,0.000000,1.000000
0.125000,25.000000,0.600000,-0.564031,0.000000,1.000000
0.125000,25.000000,0.800000,-0.490241,0.000000,1.000000
0.125000,25.000000,0.700000,-0.524855,0.000000,1.000000
0.125000,25.000000,0.900000,-0.462277,0.000000,1.000000
0.125000,50.000000,0.000000,-0.958233,0.000000,1.000000
0.125000,50.000000,0.300000,-0.555240,0.000000,1.000000
0.125000,25.000000,0.950000,-0.445451,0.000000,1.000000
0.125000,50.000000,0.150000,-0.705338,0.000000,1.000000
0.125000,50.000000,0.250000,-0.599655,0.000000,1.000000
0.125000,50.000000,0.200000,-0.646756,0.000000,1.000000
0.125000,50.000000,0.400000,-0.487602,0.000000,1.000000
0.125000,50.000000,0.550000,-0.409692,0.000000,1.000000
0.125000,50.000000,0.050000,-0.856390,0.000000,1.000000
0.125000,50.000000,0.750000,-0.335886,0.000000,1.000000
0.125000,50.000000,1.000000,-0.274899,0.000000,1.000000
0.125000,50.000000,0.500000,-0.434039,0.000000,1.000000
0.125000,50.000000,0.350000,-0.517981,0.000000,1.000000
0.125000,50.000000,0.100000,-0.773238,0.000000,1.000000
0.125000,50.000000,0.650000,-0.369725,0.000000,1.000000
0.125000,50.000000,0.950000,-0.286371,0.000000,1.000000
0.125000,50.000000,0.700000,-0.352489,0.000000,1.000000
0.125000,50.000000,0.600000,-0.387543,0.000000,1.000000
0.125000,50.000000,0.850000,-0.310075,0.000000,1.000000
0.125000,50.000000,0.800000,-0.321868,0.000000,1.000000
0.125000,50.000000,0.900000,-0.297777,0.000000,1.000000
0.375000,10.000000,0.000000,-1.030687,0.000000,1.000000
0.375000,10.000000,0.050000,-1.008254,0.000000,1.000000
0.125000,100.000000,0.200000,-0.474930,0.000000,1.000000
0.125000,100.000000,0.300000,-0.379916,0.000000,1.000000
0.375000,10.000000,0.100000,-0.986442,0.000000,1.000000
0.125000,100.000000,0.050000,-0.750624,0.000000,1.000000
0.125000,100.000000,0.000000,-0.927658,0.000000,1.000000
0.125000,100.000000,0.150000,-0.542276,0.000000,1.000000
0.125000,100.000000,0.350000,-0.344384,0.000000,1.000000
0.125000,100.000000,0.100000,-0.629383,0.000000,1.000000
0.375000,10.000000,0.200000,-0.945816,0.000000,1.000000
0.125000,100.000000,0.250000,-0.421911,0.000000,1.000000
0.125000,100.000000,0.600000,-0.237779,0.000000,1.000000
0.375000,10.000000,0.250000,-0.928285,0.000000,1.000000
0.125000,100.000000,0.400000,-0.318464,0.000000,1.000000
0.125000,100.000000,0.800000,-0.188269,0.000000,1.000000
0.125000,100.000000,0.650000,-0.221241,0.000000,1.000000
0.375000,10.000000,0.400000,-0.875566,0.000000,1.000000
0.375000,10.000000,0.150000,-0.966568,0.000000,1.000000
0.125000,100.000000,0.700000,-0.209621,0.000000,1.000000
0.125000,100.000000,0.850000,-0.180249,0.000000,1.000000
0.125000,10.000000,0.850000,-0.703937,0.000000,1.000000
0.125000,100.000000,0.950000,-0.162278,0.000000,1.000000
0.375000,10.000000,0.300000,-0.911059,0.000000,1.000000
0.125000,100.000000,0.750000,-0.199385,0.000000,1.000000
0.375000,10.000000,0.500000,-0.843297,0.000000,1.000000
0.125000,100.000000,0.900000,-0.171636,0.000000,1.000000
0.375000,10.000000,0.550000,-0.830204,0.000000,1.000000
0.375000,10.000000,0.350000,-0.890209,0.000000,1.000000
0.125000,100.000000,0.550000,-0.251816,0.000000,1.000000
0.375000,10.000000,0.450000,-0.861105,0.000000,1.000000
0.375000,10.000000,0.600000,-0.809031,0.000000,1.000000
0.375000,10.000000,0.700000,-0.787102,0.000000,1.000000
0.375000,10.000000,0.650000,-0.798864,0.000000,1.000000
0.375000,10.000000,0.750000,-0.770903,0.000000,1.000000
0.375000,10.000000,0.800000,-0.760850,0.000000,1.000000
0.375000,10.000000,0.900000,-0.725400,0.000000,1.000000
0.375000,10.000000,1.000000,-0.712724,0.000000,1.000000
0.375000,10.000000,0.850000,-0.742654,0.000000,1.000000
0.375000,10.000000,0.950000,-0.718162,0.000000,1.000000
0.375000,25.000000,0.300000,-0.732816,0.000000,1.000000
0.375000,25.000000,0.000000,-0.970968,0.000000,1.000000
0.375000,25.000000,0.200000,-0.799069,0.000000,1.000000
0.375000,25.000000,0.150000,-0.836224,0.000000,1.000000
0.375000,25.000000,0.250000,-0.764638,0.000000,1.000000
0.375000,25.000000,0.400000,-0.678032,0.000000,1.000000
0.375000,25.000000,0.550000,-0.610199,0.000000,1.000000
0.375000,25.000000,0.450000,-0.652850,0.000000,1.000000
0.375000,25.000000,0.500000,-0.630529,0.000000,1.000000
0.375000,25.000000,0.050000,-0.922222,0.000000,1.000000
0.375000,25.000000,0.650000,-0.569370,0.000000,1.000000
0.375000,25.000000,0.100000,-0.877011,0.000000,1.000000
0.375000,25.000000,0.600000,-0.587718,0.000000,1.000000
0.375000,25.000000,0.750000,-0.533406,0.000000,1.000000
0.375000,25.000000,0.700000,-0.550799,0.000000,1.000000
0.375000,25.000000,0.350000,-0.704832,0.000000,1.000000
0.375000,25.000000,0.800000,-0.517308,0.000000,1.000000
0.375000,25.000000,0.900000,-0.485775,0.000000,1.000000
0.375000,25.000000,0.950000,-0.476575,0.000000,1.000000
0.375000,25.000000,0.850000,-0.500613,0.000000,1.000000
0.375000,50.000000,0.050000,-0.815073,0.000000,1.000000
0.375000,50.000000,0.150000,-0.686554,0.000000,1.000000
0.375000,50.000000,0.100000,-0.746168,0.000000,1.000000
0.375000,25.000000,1.000000,-0.456368,0.000000,1.000000
0.375000,50.000000,0.200000,-0.637710,0.000000,1.000000
0.375000,50.000000,0.350000,-0.520719,0.000000,1.000000
0.375000,50.000000,0.300000,-0.556809,0.000000,1.000000
0.375000,50.000000,0.250000,-0.592354,0.000000,1.000000
0.375000,50.000000,0.500000,-0.439235,0.000000,1.000000
0.375000,50.000000,0.000000,-0.900502,0.000000,1.000000
0.375000,50.000000,0.700000,-0.367201,0.000000,1.000000
0.375000,50.000000,0.550000,-0.421007,0.000000,1.000000
0.375000,50.000000,0.650000,-0.382861,0.000000,1.000000
0.375000,50.000000,0.600000,-0.399628,0.000000,1.000000
0.375000,50.000000,0.900000,-0.312867,0.000000,1.000000
0.375000,50.000000,0.800000,-0.337327,0.000000,1.000000
0.375000,50.000000,0.850000,-0.326994,0.000000,1.000000
0.375000,50.000000,0.950000,-0.299729,0.000000,1.000000
0.375000,50.000000,1.000000,-0.290253,0.000000,1.000000
0.375000,50.000000,0.450000,-0.464312,0.000000,1.000000
0.375000,50.000000,0.400000,-0.486645,0.000000,1.000000
0.375000,50.000000,0.750000,-0.351581,0.000000,1.000000
0.375000,100.000000,0.000000,-0.809203,0.000000,1.000000
0.375000,100.000000,0.150000,-0.509928,0.000000,1.000000
0.375000,100.000000,0.050000,-0.674981,0.000000,1.000000
0.375000,100.000000,0.100000,-0.580636,0.000000,1.000000
0.375000,100.000000,0.300000,-0.372864,0.000000,1.000000
0.625000,10.000000,0.000000,-1.060267,0.000000,1.000000
0.375000,100.000000,0.200000,-0.455311,0.000000,1.000000
0.625000,10.000000,0.050000,-1.040251,0.000000,1.000000
0.375000,100.000000,0.250000,-0.411658,0.000000,1.000000
0.375000,100.000000,0.400000,-0.319049,0.000000,1.000000
0.375000,100.000000,0.350000,-0.340562,0.000000,1.000000
0.625000,10.000000,0.150000,-0.999556,0.000000,1.000000
0.375000,100.000000,0.450000,-0.296177,0.000000,1.000000
0.375000,100.000000,0.550000,-0.258904,0.000000,1.000000
0.625000,10.000000,0.300000,-0.946266,0.000000,1.000000
0.375000,100.000000,0.500000,-0.277526,0.000000,1.000000
0.625000,10.000000,0.100000,-1.020234,0.000000,1.000000
0.375000,100.000000,0.650000,-0.231721,0.000000,1.000000
0.625000,10.000000,0.250000,-0.965491,0.000000,1.000000
0.625000,10.000000,0.200000,-0.981980,0.000000,1.000000
0.375000,100.000000,0.700000,-0.219483,0.000000,1.000000
0.625000,10.000000,0.350000,-0.928534,0.000000,1.000000
0.375000,100.000000,0.600000,-0.246054,0.000000,1.000000
0.625000,10.000000,0.550000,-0.865147,0.000000,1.000000
0.625000,10.000000,0.450000,-0.897533,0.000000,1.000000
0.625000,10.000000,0.400000,-0.913247,0.000000,1.000000
0.625000,10.000000,0.700000,-0.824132,0.000000,1.000000
0.375000,100.000000,0.750000,-0.206064,0.000000,1.000000
0.625000,10.000000,0.600000,-0.852690,0.000000,1.000000
0.625000,10.000000,0.750000,-0.810200,0.000000,1.000000
0.625000,10.000000,0.500000,-0.881227,0.000000,1.000000
0.375000,100.000000,0.800000,-0.198768,0.000000,1.000000
0.375000,100.000000,0.900000,-0.178664,0.000000,1.000000
0.375000,100.000000,0.950000,-0.173664,0.000000,1.000000
0.375000,100.000000,1.000000,-0.163950,0.000000,1.000000
0.625000,10.000000,0.800000,-0.800421,0.000000,1.000000
0.625000,10.000000,0.850000,-0.787993,0.000000,1.000000
0.375000,100.000000,0.850000,-0.189808,0.000000,1.000000
0.625000,10.000000,0.650000,-0.837752,0.000000,1.000000
0.625000,10.000000,0.900000,-0.768792,0.000000,1.000000
0.625000,25.000000,0.200000,-0.808051,0.000000,1.000000
0.625000,10.000000,0.950000,-0.754765,0.000000,1.000000
0.625000,25.000000,0.050000,-0.916963,0.000000,1.000000
0.625000,25.000000,0.350000,-0.722370,0.000000,1.000000
0.625000,25.000000,0.150000,-0.840583,0.000000,1.000000
0.625000,25.000000,0.000000,-0.960469,0.000000,1.000000
0.125000,25.000000,0.350000,-0.687311,0.000000,1.000000
0.625000,10.000000,1.000000,-0.744351,0.000000,1.000000
0.625000,25.000000,0.450000,-0.672190,0.000000,1.000000
0.625000,25.000000,0.300000,-0.746953,0.000000,1.000000
0.625000,25.000000,0.250000,-0.777313,0.000000,1.000000
0.625000,25.000000,0.100000,-0.877679,0.000000,1.000000
0.625000,25.000000,0.500000,-0.651188,0.000000,1.000000
0.625000,25.000000,0.400000,-0.693544,0.000000,1.000000
0.625000,25.000000,0.600000,-0.611746,0.000000,1.000000
0.625000,25.000000,0.550000,-0.629208,0.000000,1.000000
0.625000,25.000000,0.750000,-0.560532,0.000000,1.000000
0.625000,25.000000,0.700000,-0.576298,0.000000,1.000000
0.625000,25.000000,0.850000,-0.529799,0.000000,1.000000
0.625000,25.000000,0.650000,-0.593562,0.000000,1.000000
0.625000,25.000000,0.950000,-0.502106,0.000000,1.000000
0.625000,25.000000,0.900000,-0.516024,0.000000,1.000000
0.625000,25.000000,0.800000,-0.542274,0.000000,1.000000
0.625000,50.000000,0.000000,-0.844085,0.000000,1.000000
0.625000,50.000000,0.150000,-0.668969,0.000000,1.000000
0.625000,50.000000,0.200000,-0.625479,0.000000,1.000000
0.625000,25.000000,1.000000,-0.486168,0.000000,1.000000
0.625000,50.000000,0.100000,-0.717934,0.000000,1.000000
0.625000,50.000000,0.350000,-0.527236,0.000000,1.000000
0.625000,50.000000,0.300000,-0.555881,0.000000,1.000000
0.625000,50.000000,0.400000,-0.497340,0.000000,1.000000
0.625000,50.000000,0.250000,-0.590614,0.000000,1.000000
0.625000,50.000000,0.050000,-0.776276,0.000000,1.000000
0.625000,50.000000,0.650000,-0.394832,0.000000,1.000000
0.625000,50.000000,0.700000,-0.382271,0.000000,1.000000
0.625000,50.000000,0.550000,-0.433381,0.000000,1.000000
0.625000,50.000000,0.600000,-0.415391,0.000000,1.000000
0.625000,50.000000,0.450000,-0.476386,0.000000,1.000000
0.625000,50.000000,0.750000,-0.367228,0.000000,1.000000
0.625000,50.000000,0.800000,-0.352503,0.000000,1.000000
0.625000,50.000000,0.500000,-0.454656,0.000000,1.000000
-0.125000,50.000000,0.550000,-0.396963,0.000000,1.000000
0.625000,50.000000,0.900000,-0.328655,0.000000,1.000000
0.625000,50.000000,1.000000,-0.306564,0.000000,1.000000
0.625000,50.000000,0.850000,-0.339469,0.000000,1.000000
-0.125000,50.000000,0.600000,-0.375062,0.000000,1.000000
0.625000,50.000000,0.950000,-0.316334,0.000000,1.000000
0.875000,10.000000,0.000000,-1.091881,0.000000,1.000000
0.875000,10.000000,0.050000,-1.071708,0.000000,1.000000
0.875000,10.000000,0.150000,-1.036372,0.000000,1.000000
0.875000,10.000000,0.100000,-1.052586,0.000000,1.000000
0.625000,100.000000,0.000000,-0.697789,0.000000,1.000000
0.625000,100.000000,0.350000,-0.339455,0.000000,1.000000
0.875000,10.000000,0.200000,-1.016279,0.000000,1.000000
0.875000,10.000000,0.250000,-0.998342,0.000000,1.000000
0.625000,100.000000,0.450000,-0.297972,0.000000,1.000000
0.875000,10.000000,0.300000,-0.976863,0.000000,1.000000
0.625000,100.000000,0.050000,-0.602959,0.000000,1.000000
0.875000,10.000000,0.400000,-0.950755,0.000000,1.000000
0.875000,10.000000,0.350000,-0.965266,0.000000,1.000000
0.875000,10.000000,0.450000,-0.933957,0.000000,1.000000
0.625000,100.000000,0.400000,-0.319187,0.000000,1.000000
0.625000,100.000000,0.300000,-0.366306,0.000000,1.000000
0.625000,100.000000,0.200000,-0.431050,0.000000,1.000000
0.875000,10.000000,0.500000,-0.920899,0.000000,1.000000
0.625000,100.000000,0.150000,-0.477919,0.000000,1.000000
0.625000,100.000000,0.650000,-0.237506,0.000000,1.000000
0.625000,100.000000,0.900000,-0.189997,0.000000,1.000000
0.625000,100.000000,0.500000,-0.280920,0.000000,1.000000
0.625000,100.000000,0.800000,-0.206771,0.000000,1.000000
0.625000,100.000000,0.550000,-0.262912,0.000000,1.000000
0.625000,100.000000,0.750000,-0.216369,0.000000,1.000000
0.625000,100.000000,1.000000,-0.175305,0.000000,1.000000
0.625000,100.000000,0.100000,-0.532236,0.000000,1.000000
0.875000,10.000000,0.750000,-0.850566,0.000000,1.000000
0.875000,10.000000,0.550000,-0.904913,0.000000,1.000000
0.625000,100.000000,0.600000,-0.250798,0.000000,1.000000
0.875000,10.000000,0.600000,-0.889858,0.000000,1.000000
0.625000,100.000000,0.850000,-0.195931,0.000000,1.000000
0.625000,100.000000,0.700000,-0.227003,0.000000,1.000000
0.625000,100.000000,0.950000,-0.181911,0.000000,1.000000
0.875000,10.000000,0.800000,-0.838605,0.000000,1.000000
0.625000,100.000000,0.250000,-0.397081,0.000000,1.000000
0.875000,10.000000,0.700000,-0.862671,0.000000,1.000000
0.875000,10.000000,0.650000,-0.878820,0.000000,1.000000
0.875000,10.000000,0.950000,-0.799284,0.000000,1.000000
0.875000,10.000000,0.900000,-0.814816,0.000000,1.000000
0.875000,10.000000,0.850000,-0.830268,0.000000,1.000000
0.875000,10.000000,1.000000,-0.792590,0.000000,1.000000
0.875000,25.000000,0.000000,-0.951163,0.000000,1.000000
0.875000,25.000000,0.050000,-0.914685,0.000000,1.000000
0.875000,25.000000,0.450000,-0.691513,0.000000,1.000000
0.875000,25.000000,0.100000,-0.878580,0.000000,1.000000
0.875000,25.000000,0.250000,-0.788717,0.000000,1.000000
0.875000,25.000000,0.150000,-0.846489,0.000000,1.000000
0.875000,25.000000,0.300000,-0.762956,0.000000,1.000000
0.125000,10.000000,1.000000,-0.666749,0.000000,1.000000
0.875000,25.000000,0.550000,-0.654699,0.000000,1.000000
0.875000,25.000000,0.350000,-0.737317,0.000000,1.000000
0.875000,25.000000,0.200000,-0.816721,0.000000,1.000000
0.875000,25.000000,0.500000,-0.671029,0.000000,1.000000
0.875000,25.000000,0.400000,-0.711174,0.000000,1.000000
0.875000,25.000000,0.600000,-0.632154,0.000000,1.000000
0.875000,25.000000,0.750000,-0.582770,0.000000,1.000000
0.875000,25.000000,0.650000,-0.616901,0.000000,1.000000
0.875000,25.000000,0.700000,-0.598724,0.000000,1.000000
0.875000,25.000000,0.800000,-0.570684,0.000000,1.000000
0.875000,25.000000,0.850000,-0.555186,0.000000,1.000000
0.875000,25.000000,0.950000,-0.527190,0.000000,1.000000
0.875000,25.000000,1.000000,-0.518723,0.000000,1.000000
0.875000,50.000000,0.150000,-0.652874,0.000000,1.000000
0.875000,25.000000,0.900000,-0.544065,0.000000,1.000000
0.875000,50.000000,0.050000,-0.734602,0.000000,1.000000
0.875000,50.000000,0.100000,-0.690044,0.000000,1.000000
0.875000,50.000000,0.400000,-0.502798,0.000000,1.000000
0.875000,50.000000,0.350000,-0.526718,0.000000,1.000000
0.875000,50.000000,0.200000,-0.616354,0.000000,1.000000
0.875000,50.000000,0.300000,-0.556475,0.000000,1.000000
0.875000,50.000000,0.250000,-0.581079,0.000000,1.000000
0.875000,50.000000,0.000000,-0.787976,0.000000,1.000000
0.875000,50.000000,0.500000,-0.462269,0.000000,1.000000
0.875000,50.000000,0.600000,-0.424980,0.000000,1.000000
0.875000,50.000000,0.450000,-0.484191,0.000000,1.000000
0.875000,50.000000,0.750000,-0.383815,0.000000,1.000000
0.875000,50.000000,0.650000,-0.408619,0.000000,1.000000
0.875000,50.000000,1.000000,-0.324653,0.000000,1.000000
0.875000,50.000000,0.700000,-0.396710,0.000000,1.000000
0.875000,50.000000,0.550000,-0.445156,0.000000,1.000000
0.875000,50.000000,0.900000,-0.345543,0.000000,1.000000
0.875000,50.000000,0.850000,-0.359299,0.000000,1.000000
0.875000,50.000000,0.950000,-0.334944,0.000000,1.000000
0.875000,50.000000,0.800000,-0.370063,0.000000,1.000000
0.875000,100.000000,0.150000,-0.447817,0.000000,1.000000
1.125000,10.000000,0.000000,-1.123080,0.000000,1.000000
0.875000,100.000000,0.200000,-0.413528,0.000000,1.000000
1.125000,10.000000,0.100000,-1.086268,0.000000,1.000000
1.125000,10.000000,0.150000,-1.066760,0.000000,1.000000
0.875000,100.000000,0.450000,-0.301647,0.000000,1.000000
0.125000,50.000000,0.450000,-0.457419,0.000000,1.000000
1.125000,10.000000,0.250000,-1.037572,0.000000,1.000000
1.125000,10.000000,0.200000,-1.051168,0.000000,1.000000
1.125000,10.000000,0.300000,-1.019343,0.000000,1.000000
0.875000,100.000000,0.400000,-0.315501,0.000000,1.000000
1.125000,10.000000,0.350000,-1.002117,0.000000,1.000000
0.875000,100.000000,0.050000,-0.532623,0.000000,1.000000
1.125000,10.000000,0.050000,-1.105626,0.000000,1.000000
1.125000,10.000000,0.450000,-0.974005,0.000000,1.000000
1.125000,10.000000,0.400000,-0.987776,0.000000,1.000000
1.125000,10.000000,0.500000,-0.959587,0.000000,1.000000
1.125000,10.000000,0.550000,-0.944988,0.000000,1.000000
0.875000,100.000000,0.100000,-0.486234,0.000000,1.000000
0.875000,100.000000,0.250000,-0.382691,0.000000,1.000000
0.875000,100.000000,0.500000,-0.284545,0.000000,1.000000
0.875000,100.000000,0.000000,-0.594519,0.000000,1.000000
0.875000,100.000000,0.300000,-0.357188,0.000000,1.000000
1.125000,10.000000,0.600000,-0.928581,0.000000,1.000000
0.875000,100.000000,0.350000,-0.337676,0.000000,1.000000
0.875000,100.000000,0.550000,-0.269875,0.000000,1.000000
1.125000,10.000000,0.650000,-0.915528,0.000000,1.000000
0.875000,100.000000,0.650000,-0.246102,0.000000,1.000000
0.875000,100.000000,0.700000,-0.232015,0.000000,1.000000
0.875000,100.000000,0.600000,-0.255142,0.000000,1.000000
0.875000,100.000000,0.750000,-0.225009,0.000000,1.000000
0.875000,100.000000,0.950000,-0.189924,0.000000,1.000000
1.125000,10.000000,0.700000,-0.903001,0.000000,1.000000
0.875000,100.000000,0.850000,-0.206701,0.000000,1.000000
0.875000,100.000000,0.800000,-0.213201,0.000000,1.000000
0.875000,100.000000,0.900000,-0.201170,0.000000,1.000000
0.875000,100.000000,1.000000,-0.182648,0.000000,1.000000
1.125000,10.000000,0.800000,-0.879749,0.000000,1.000000
1.125000,10.000000,0.850000,-0.862231,0.000000,1.000000
1.125000,10.000000,0.900000,-0.856314,0.000000,1.000000
1.125000,25.000000,0.000000,-0.939823,0.000000,1.000000
1.125000,25.000000,0.200000,-0.826315,0.000000,1.000000
1.125000,25.000000,0.100000,-0.877659,0.000000,1.000000
1.125000,25.000000,0.350000,-0.755844,0.000000,1.000000
1.125000,10.000000,0.750000,-0.894045,0.000000,1.000000
1.125000,10.000000,0.950000,-0.836966,0.000000,1.000000
1.125000,25.000000,0.450000,-0.713568,0.000000,1.000000
1.125000,25.000000,0.550000,-0.674121,0.000000,1.000000
1.125000,25.000000,0.050000,-0.908342,0.000000,1.000000
1.125000,25.000000,0.500000,-0.693396,0.000000,1.000000
1.125000,10.000000,1.000000,-0.832793,0.000000,1.000000
1.125000,25.000000,0.650000,-0.638779,0.000000,1.000000
1.125000,25.000000,0.250000,-0.799940,0.000000,1.000000
1.125000,25.000000,0.400000,-0.731097,0.000000,1.000000
1.125000,25.000000,0.150000,-0.849369,0.000000,1.000000
1.125000,25.000000,0.300000,-0.776526,0.000000,1.000000
1.125000,25.000000,0.750000,-0.609126,0.000000,1.000000
1.125000,25.000000,0.700000,-0.619004,0.000000,1.000000
1.125000,25.000000,0.800000,-0.589303,0.000000,1.000000
1.125000,25.000000,0.850000,-0.582696,0.000000,1.000000
1.125000,25.000000,0.600000,-0.661269,0.000000,1.000000
1.125000,25.000000,0.900000,-0.567358,0.000000,1.000000
1.125000,25.000000,1.000000,-0.544268,0.000000,1.000000
1.125000,25.000000,0.950000,-0.558698,0.000000,1.000000
1.125000,50.000000,0.150000,-0.632639,0.000000,1.000000
1.125000,50.000000,0.250000,-0.577914,0.000000,1.000000
1.125000,50.000000,0.200000,-0.607143,0.000000,1.000000
1.125000,50.000000,0.350000,-0.533456,0.000000,1.000000
1.125000,50.000000,0.300000,-0.556351,0.000000,1.000000
1.125000,50.000000,0.050000,-0.698758,0.000000,1.000000
1.125000,50.000000,0.650000,-0.423578,0.000000,1.000000
1.125000,50.000000,0.400000,-0.511479,0.000000,1.000000
1.125000,50.000000,0.000000,-0.731435,0.000000,1.000000
1.125000,50.000000,0.450000,-0.491439,0.000000,1.000000
1.125000,50.000000,0.100000,-0.662289,0.000000,1.000000
1.125000,50.000000,0.800000,-0.383989,0.000000,1.000000
1.125000,50.000000,0.700000,-0.408730,0.000000,1.000000
1.125000,50.000000,0.750000,-0.394567,0.000000,1.000000
1.125000,50.000000,1.000000,-0.342010,0.000000,1.000000
1.125000,50.000000,0.550000,-0.454011,0.000000,1.000000
1.125000,50.000000,0.500000,-0.475013,0.000000,1.000000
1.125000,50.000000,0.850000,-0.373498,0.000000,1.000000
1.125000,50.000000,0.900000,-0.359850,0.000000,1.000000
1.125000,50.000000,0.950000,-0.352732,0.000000,1.000000
1.125000,50.000000,0.600000,-0.440678,0.000000,1.000000
1.125000,100.000000,0.150000,-0.415272,0.000000,1.000000
1.125000,100.000000,0.550000,-0.275508,0.000000,1.000000
1.375000,10.000000,0.300000,-1.056521,0.000000,1.000000
1.375000,10.000000,0.200000,-1.087519,0.000000,1.000000
1.375000,10.000000,0.050000,-1.138080,0.000000,1.000000
1.375000,10.000000,0.100000,-1.117577,0.000000,1.000000
1.375000,10.000000,0.350000,-1.043360,0.000000,1.000000
1.375000,10.000000,0.150000,-1.100609,0.000000,1.000000
1.375000,10.000000,0.250000,-1.073163,0.000000,1.000000
1.125000,100.000000,0.050000,-0.469580,0.000000,1.000000
1.125000,100.000000,0.000000,-0.497262,0.000000,1.000000
1.375000,10.000000,0.550000,-0.984886,0.000000,1.000000
1.125000,100.000000,0.250000,-0.372375,0.000000,1.000000
1.125000,100.000000,0.200000,-0.391536,0.000000,1.000000
1.125000,100.000000,0.100000,-0.439767,0.000000,1.000000
1.375000,10.000000,0.500000,-0.994531,0.000000,1.000000
1.375000,10.000000,0.450000,-1.014927,0.000000,1.000000
1.375000,10.000000,0.600000,-0.970000,0.000000,1.000000
1.125000,100.000000,0.350000,-0.335039,0.000000,1.000000
1.125000,100.000000,0.300000,-0.354672,0.000000,1.000000
1.375000,10.000000,0.000000,-1.153439,0.000000,1.000000
1.375000,10.000000,0.400000,-1.028626,0.000000,1.000000
1.125000,100.000000,0.400000,-0.314366,0.000000,1.000000
1.125000,100.000000,0.500000,-0.287412,0.000000,1.000000
1.375000,10.000000,0.650000,-0.959259,0.000000,1.000000
1.125000,100.000000,0.650000,-0.252266,0.000000,1.000000
1.125000,100.000000,0.600000,-0.265189,0.000000,1.000000
1.125000,100.000000,0.750000,-0.232633,0.000000,1.000000
1.125000,100.000000,0.450000,-0.302626,0.000000,1.000000
1.375000,10.000000,0.800000,-0.910206,0.000000,1.000000
1.375000,10.000000,0.700000,-0.941985,0.000000,1.000000
1.125000,100.000000,0.700000,-0.243022,0.000000,1.000000
1.125000,100.000000,0.950000,-0.200696,0.000000,1.000000
1.125000,100.000000,0.800000,-0.224620,0.000000,1.000000
1.375000,10.000000,0.750000,-0.929454,0.000000,1.000000
1.125000,100.000000,0.900000,-0.206672,0.000000,1.000000
1.125000,100.000000,1.000000,-0.192471,0.000000,1.000000
1.375000,10.000000,0.900000,-0.894290,0.000000,1.000000
1.375000,10.000000,1.000000,-0.872177,0.000000,1.000000
1.125000,100.000000,0.850000,-0.215152,0.000000,1.000000
-0.125000,100.000000,0.850000,-0.171087,0.000000,1.000000
1.375000,10.000000,0.850000,-0.903355,0.000000,1.000000
1.375000,25.000000,0.050000,-0.905789,0.000000,1.000000
1.375000,10.000000,0.950000,-0.885997,0.000000,1.000000
1.375000,25.000000,0.100000,-0.880100,0.000000,1.000000
1.375000,25.000000,0.300000,-0.790324,0.000000,1.000000
1.375000,25.000000,0.200000,-0.832875,0.000000,1.000000
1.375000,25.000000,0.000000,-0.928660,0.000000,1.000000
1.375000,25.000000,0.400000,-0.752152,0.000000,1.000000
1.375000,25.000000,0.150000,-0.853790,0.000000,1.000000
1.375000,25.000000,0.250000,-0.812706,0.000000,1.000000
1.375000,25.000000,0.650000,-0.667358,0.000000,1.000000
1.375000,25.000000,0.450000,-0.732496,0.000000,1.000000
1.375000,25.000000,0.750000,-0.638664,0.000000,1.000000
1.375000,25.000000,0.500000,-0.717837,0.000000,1.000000
1.375000,25.000000,0.700000,-0.652209,0.000000,1.000000
1.375000,25.000000,0.550000,-0.699415,0.000000,1.000000
1.375000,25.000000,0.800000,-0.618428,0.000000,1.000000
1.375000,25.000000,0.350000,-0.769382,0.000000,1.000000
1.375000,25.000000,0.850000,-0.608756,0.000000,1.000000
1.375000,25.000000,0.600000,-0.683711,0.000000,1.000000
1.375000,25.000000,0.900000,-0.597400,0.000000,1.000000
1.375000,25.000000,0.950000,-0.577666,0.000000,1.000000
1.375000,50.000000,0.200000,-0.597097,0.000000,1.000000
1.375000,50.000000,0.000000,-0.680718,0.000000,1.000000
1.375000,25.000000,1.000000,-0.571346,0.000000,1.000000
1.375000,50.000000,0.300000,-0.555974,0.000000,1.000000
1.375000,50.000000,0.500000,-0.484421,0.000000,1.000000
1.375000,50.000000,0.150000,-0.615877,0.000000,1.000000
1.375000,50.000000,0.250000,-0.574452,0.000000,1.000000
1.375000,50.000000,0.100000,-0.639899,0.000000,1.000000
1.375000,50.000000,0.400000,-0.520507,0.000000,1.000000
1.375000,50.000000,0.550000,-0.470574,0.000000,1.000000
1.375000,50.000000,0.450000,-0.500879,0.000000,1.000000
1.375000,50.000000,0.350000,-0.536946,0.000000,1.000000
1.375000,50.000000,0.700000,-0.424681,0.000000,1.000000
1.375000,50.000000,0.050000,-0.656827,0.000000,1.000000
1.375000,50.000000,0.950000,-0.369693,0.000000,1.000000
1.375000,50.000000,0.750000,-0.409313,0.000000,1.000000
1.375000,50.000000,0.800000,-0.397959,0.000000,1.000000
1.375000,50.000000,0.850000,-0.386263,0.000000,1.000000
1.375000,50.000000,1.000000,-0.356712,0.000000,1.000000
1.375000,50.000000,0.900000,-0.378398,0.000000,1.000000
1.375000,50.000000,0.650000,-0.435861,0.000000,1.000000
1.625000,10.000000,0.000000,-1.182080,0.000000,1.000000
1.375000,100.000000,0.050000,-0.408335,0.000000,1.000000
1.625000,10.000000,0.050000,-1.167175,0.000000,1.000000
1.625000,10.000000,0.100000,-1.153320,0.000000,1.000000
1.375000,50.000000,0.600000,-0.456154,0.000000,1.000000
1.625000,10.000000,0.150000,-1.138147,0.000000,1.000000
1.375000,100.000000,0.200000,-0.374512,0.000000,1.000000
1.625000,10.000000,0.300000,-1.088919,0.000000,1.000000
1.375000,100.000000,0.150000,-0.385083,0.000000,1.000000
1.625000,10.000000,0.200000,-1.124741,0.000000,1.000000
1.625000,10.000000,0.350000,-1.079446,0.000000,1.000000
1.625000,10.000000,0.250000,-1.108915,0.000000,1.000000
1.375000,100.000000,0.350000,-0.331724,0.000000,1.000000
1.625000,10.000000,0.400000,-1.064370,0.000000,1.000000
1.375000,100.000000,0.000000,-0.412254,0.000000,1.000000
1.375000,100.000000,0.100000,-0.395549,0.000000,1.000000
1.625000,10.000000,0.500000,-1.036209,0.000000,1.000000
1.625000,10.000000,0.450000,-1.051101,0.000000,1.000000
1.625000,10.000000,0.550000,-1.025526,0.000000,1.000000
1.625000,10.000000,0.600000,-1.012103,0.000000,1.000000
1.625000,10.000000,0.650000,-0.996309,0.000000,1.000000
1.625000,10.000000,0.700000,-0.983329,0.000000,1.000000
1.625000,10.000000,0.750000,-0.968393,0.000000,1.000000
1.375000,100.000000,0.300000,-0.343262,0.000000,1.000000
1.375000,100.000000,0.250000,-0.359623,0.000000,1.000000
1.375000,100.000000,0.450000,-0.303802,0.000000,1.000000
1.375000,100.000000,0.500000,-0.291510,0.000000,1.000000
1.375000,100.000000,0.400000,-0.317079,0.000000,1.000000
1.625000,10.000000,0.800000,-0.957994,0.000000,1.000000
1.375000,100.000000,0.600000,-0.270244,0.000000,1.000000
1.375000,100.000000,0.700000,-0.250066,0.000000,1.000000
1.375000,100.000000,0.950000,-0.209236,0.000000,1.000000
1.375000,100.000000,0.900000,-0.217770,0.000000,1.000000
1.375000,100.000000,1.000000,-0.201920,0.000000,1.000000
1.375000,100.000000,0.550000,-0.281003,0.000000,1.000000
1.375000,100.000000,0.850000,-0.226218,0.000000,1.000000
1.375000,100.000000,0.650000,-0.259506,0.000000,1.000000
1.375000,100.000000,0.750000,-0.243750,0.000000,1.000000
1.375000,100.000000,0.800000,-0.232030,0.000000,1.000000
1.625000,10.000000,1.000000,-0.910023,0.000000,1.000000
1.625000,10.000000,0.950000,-0.926358,0.000000,1.000000
1.625000,10.000000,0.900000,-0.934078,0.000000,1.000000
1.625000,10.000000,0.850000,-0.945559,0.000000,1.000000
1.625000,25.000000,0.100000,-0.883181,0.000000,1.000000
1.625000,25.000000,0.050000,-0.900759,0.000000,1.000000
1.625000,25.000000,0.450000,-0.755119,0.000000,1.000000
1.625000,25.000000,0.200000,-0.844515,0.000000,1.000000
1.625000,25.000000,0.650000,-0.685208,0.000000,1.000000
1.625000,25.000000,0.300000,-0.804835,0.000000,1.000000
1.625000,25.000000,0.250000,-0.819440,0.000000,1.000000
1.625000,25.000000,0.400000,-0.771674,0.000000,1.000000
1.625000,25.000000,0.150000,-0.859289,0.000000,1.000000
1.625000,25.000000,0.600000,-0.704708,0.000000,1.000000
1.625000,25.000000,0.350000,-0.789379,0.000000,1.000000
1.625000,25.000000,0.000000,-0.917051,0.000000,1.000000
1.625000,25.000000,0.550000,-0.722412,0.000000,1.000000
1.625000,25.000000,0.800000,-0.647761,0.000000,1.000000
1.625000,25.000000,0.500000,-0.737278,0.000000,1.000000
1.625000,25.000000,0.700000,-0.670264,0.000000,1.000000
1.625000,25.000000,0.750000,-0.657352,0.000000,1.000000
1.625000,25.000000,0.850000,-0.634574,0.000000,1.000000
1.625000,25.000000,1.000000,-0.595683,0.000000,1.000000
1.625000,25.000000,0.900000,-0.622087,0.000000,1.000000
1.625000,50.000000,0.000000,-0.627456,0.000000,1.000000
1.625000,25.000000,0.950000,-0.608769,0.000000,1.000000
1.625000,50.000000,0.050000,-0.618847,0.000000,1.000000
1.625000,50.000000,0.500000,-0.495525,0.000000,1.000000
1.625000,50.000000,0.250000,-0.570430,0.000000,1.000000
1.625000,50.000000,0.200000,-0.585237,0.000000,1.000000
1.625000,50.000000,0.150000,-0.598431,0.000000,1.000000
1.625000,50.000000,0.450000,-0.509592,0.000000,1.000000
1.625000,50.000000,0.400000,-0.527072,0.000000,1.000000
1.625000,50.000000,0.550000,-0.483789,0.000000,1.000000
1.625000,50.000000,0.300000,-0.555620,0.000000,1.000000
1.625000,50.000000,0.350000,-0.539460,0.000000,1.000000
1.625000,50.000000,0.100000,-0.610153,0.000000,1.000000
1.625000,50.000000,0.750000,-0.431887,0.000000,1.000000
1.625000,50.000000,0.700000,-0.442020,0.000000,1.000000
1.625000,50.000000,0.600000,-0.466967,0.000000,1.000000
1.625000,50.000000,0.950000,-0.384738,0.000000,1.000000
1.625000,50.000000,0.800000,-0.413187,0.000000,1.000000
1.625000,50.000000,1.000000,-0.373472,0.000000,1.000000
1.625000,50.000000,0.900000,-0.395914,0.000000,1.000000
1.625000,50.000000,0.650000,-0.452569,0.000000,1.000000
1.625000,50.000000,0.850000,-0.407331,0.000000,1.000000
1.625000,100.000000,0.100000,-0.359184,0.000000,1.000000
1.875000,10.000000,0.050000,-1.193336,0.000000,1.000000
1.875000,10.000000,0.100000,-1.184266,0.000000,1.000000
1.875000,10.000000,0.250000,-1.139287,0.000000,1.000000
1.875000,10.000000,0.000000,-1.213254,0.000000,1.000000
1.875000,10.000000,0.350000,-1.115154,0.000000,1.000000
1.875000,10.000000,0.200000,-1.157513,0.000000,1.000000
1.875000,10.000000,0.400000,-1.102187,0.000000,1.000000
1.875000,10.000000,0.150000,-1.172583,0.000000,1.000000
1.875000,10.000000,0.650000,-1.035213,0.000000,1.000000
1.875000,10.000000,0.450000,-1.089400,0.000000,1.000000
1.875000,10.000000,0.300000,-1.127995,0.000000,1.000000
1.625000,100.000000,0.000000,-0.333829,0.000000,1.000000
1.875000,10.000000,0.500000,-1.074794,0.000000,1.000000
1.625000,100.000000,0.150000,-0.359194,0.000000,1.000000
1.625000,100.000000,0.050000,-0.349085,0.000000,1.000000
1.875000,10.000000,0.550000,-1.062586,0.000000,1.000000
1.625000,100.000000,0.250000,-0.345507,0.000000,1.000000
1.625000,100.000000,0.300000,-0.338315,0.000000,1.000000
1.625000,100.000000,0.450000,-0.307999,0.000000,1.000000
1.875000,10.000000,0.750000,-1.009177,0.000000,1.000000
1.625000,100.000000,0.700000,-0.256573,0.000000,1.000000
1.625000,100.000000,0.350000,-0.328031,0.000000,1.000000
1.625000,100.000000,0.200000,-0.352480,0.000000,1.000000
1.625000,100.000000,0.600000,-0.276523,0.000000,1.000000
1.625000,100.000000,0.400000,-0.319060,0.000000,1.000000
1.625000,100.000000,0.550000,-0.284291,0.000000,1.000000
1.875000,10.000000,0.600000,-1.052756,0.000000,1.000000
1.625000,100.000000,0.650000,-0.267884,0.000000,1.000000
1.625000,100.000000,0.500000,-0.296007,0.000000,1.000000
1.875000,10.000000,1.000000,-0.953569,0.000000,1.000000
1.875000,10.000000,0.850000,-0.989565,0.000000,1.000000
1.625000,100.000000,0.750000,-0.246415,0.000000,1.000000
1.875000,10.000000,0.950000,-0.961552,0.000000,1.000000
1.875000,10.000000,0.800000,-0.996078,0.000000,1.000000
1.875000,10.000000,0.900000,-0.975849,0.000000,1.000000
1.875000,10.000000,0.700000,-1.021831,0.000000,1.000000
1.875000,25.000000,0.000000,-0.906389,0.000000,1.000000
0.125000,100.000000,0.500000,-0.271583,0.000000,1.000000
1.875000,25.000000,0.150000,-0.865649,0.000000,1.000000
1.625000,100.000000,0.950000,-0.219198,0.000000,1.000000
1.875000,25.000000,0.100000,-0.884506,0.000000,1.000000
1.625000,100.000000,1.000000,-0.213420,0.000000,1.000000
1.875000,25.000000,0.050000,-0.895801,0.000000,1.000000
1.625000,100.000000,0.850000,-0.236673,0.000000,1.000000
1.875000,25.000000,0.350000,-0.803389,0.000000,1.000000
1.625000,100.000000,0.900000,-0.229924,0.000000,1.000000
1.625000,100.000000,0.800000,-0.243244,0.000000,1.000000
1.875000,25.000000,0.750000,-0.680832,0.000000,1.000000
1.875000,25.000000,0.650000,-0.713286,0.000000,1.000000
1.875000,25.000000,0.450000,-0.773126,0.000000,1.000000
1.875000,25.000000,0.700000,-0.696624,0.000000,1.000000
1.875000,25.000000,0.300000,-0.818412,0.000000,1.000000
1.875000,25.000000,0.400000,-0.785144,0.000000,1.000000
0.125000,100.000000,0.450000,-0.293899,0.000000,1.000000
1.875000,25.000000,0.250000,-0.835743,0.000000,1.000000
1.875000,25.000000,0.550000,-0.744926,0.000000,1.000000
1.875000,25.000000,0.500000,-0.758728,0.000000,1.000000
1.875000,25.000000,0.600000,-0.730797,0.000000,1.000000
1.875000,25.000000,0.200000,-0.852985,0.000000,1.000000
1.875000,25.000000,1.000000,-0.622200,0.000000,1.000000
1.875000,25.000000,0.800000,-0.673358,0.000000,1.000000
1.875000,25.000000,0.900000,-0.644734,0.000000,1.000000
1.875000,25.000000,0.950000,-0.633566,0.000000,1.000000
1.875000,25.000000,0.850000,-0.655234,0.000000,1.000000
1.875000,50.000000,0.550000,-0.493154,0.000000,1.000000
1.875000,50.000000,0.150000,-0.580586,0.000000,1.000000
1.875000,50.000000,0.100000,-0.586340,0.000000,1.000000
1.875000,50.000000,0.000000,-0.574301,0.000000,1.000000
1.875000,50.000000,0.050000,-0.583015,0.000000,1.000000
1.875000,50.000000,0.250000,-0.567075,0.000000,1.000000
1.875000,50.000000,0.450000,-0.519611,0.000000,1.000000
1.875000,50.000000,0.500000,-0.506073,0.000000,1.000000
1.875000,50.000000,0.300000,-0.552921,0.000000,1.000000
1.875000,50.000000,0.650000,-0.467532,0.000000,1.000000
1.875000,50.000000,0.200000,-0.576634,0.000000,1.000000
1.875000,50.000000,0.350000,-0.541801,0.000000,1.000000
1.875000,50.000000,0.600000,-0.483623,0.000000,1.000000
1.875000,50.000000,0.400000,-0.532749,0.000000,1.000000
1.875000,50.000000,0.800000,-0.434053,0.000000,1.000000
1.875000,50.000000,0.700000,-0.457525,0.000000,1.000000
1.875000,50.000000,0.750000,-0.443219,0.000000,1.000000
1.875000,50.000000,0.850000,-0.415233,0.000000,1.000000
1.875000,50.000000,0.900000,-0.414176,0.000000,1.000000
1.875000,50.000000,1.000000,-0.392689,0.000000,1.000000
1.875000,50.000000,0.950000,-0.402290,0.000000,1.000000
1.875000,100.000000,0.050000,-0.299202,0.000000,1.000000
2.125000,10.000000,0.000000,-1.246055,0.000000,1.000000
1.875000,100.000000,0.350000,-0.323139,0.000000,1.000000
2.125000,10.000000,0.150000,-1.205649,0.000000,1.000000
2.125000,10.000000,0.050000,-1.231666,0.000000,1.000000
2.125000,10.000000,0.200000,-1.188714,0.000000,1.000000
1.875000,100.000000,0.200000,-0.332890,0.000000,1.000000
2.125000,10.000000,0.100000,-1.220185,0.000000,1.000000
2.125000,10.000000,0.250000,-1.180084,0.000000,1.000000
2.125000,10.000000,0.300000,-1.166759,0.000000,1.000000
1.875000,100.000000,0.100000,-0.319567,0.000000,1.000000
2.125000,10.000000,0.350000,-1.153882,0.000000,1.000000
2.125000,10.000000,0.400000,-1.136433,0.000000,1.000000
2.125000,10.000000,0.500000,-1.113777,0.000000,1.000000
2.125000,10.000000,0.600000,-1.091807,0.000000,1.000000
2.125000,10.000000,0.550000,-1.102071,0.000000,1.000000
2.125000,10.000000,0.650000,-1.080554,0.000000,1.000000
2.125000,10.000000,0.450000,-1.124913,0.000000,1.000000
2.125000,10.000000,0.700000,-1.059871,0.000000,1.000000
1.875000,100.000000,0.150000,-0.331120,0.000000,1.000000
1.875000,100.000000,0.300000,-0.331164,0.000000,1.000000
1.875000,100.000000,0.250000,-0.331518,0.000000,1.000000
2.125000,10.000000,0.750000,-1.052549,0.000000,1.000000
2.125000,10.000000,0.850000,-1.027047,0.000000,1.000000
1.875000,100.000000,0.000000,-0.264652,0.000000,1.000000
2.125000,10.000000,0.800000,-1.041763,0.000000,1.000000
1.875000,100.000000,0.400000,-0.316862,0.000000,1.000000
1.875000,100.000000,0.600000,-0.282727,0.000000,1.000000
1.875000,100.000000,0.950000,-0.230645,0.000000,1.000000
1.875000,100.000000,0.450000,-0.308247,0.000000,1.000000
1.875000,100.000000,0.500000,-0.301639,0.000000,1.000000
2.125000,10.000000,0.950000,-1.004080,0.000000,1.000000
1.875000,100.000000,0.550000,-0.292680,0.000000,1.000000
2.125000,10.000000,0.900000,-1.014583,0.000000,1.000000
2.125000,10.000000,1.000000,-0.992925,0.000000,1.000000
1.875000,100.000000,0.750000,-0.258053,0.000000,1.000000
1.875000,100.000000,0.800000,-0.250908,0.000000,1.000000
1.875000,100.000000,0.700000,-0.267863,0.000000,1.000000
1.875000,100.000000,0.900000,-0.236817,0.000000,1.000000
1.875000,100.000000,0.650000,-0.275111,0.000000,1.000000
1.875000,100.000000,1.000000,-0.222971,0.000000,1.000000
1.875000,100.000000,0.850000,-0.243418,0.000000,1.000000
2.125000,25.000000,0.500000,-0.781447,0.000000,1.000000
2.125000,25.000000,0.000000,-0.898462,0.000000,1.000000
2.125000,25.000000,0.350000,-0.820281,0.000000,1.000000
2.125000,25.000000,0.100000,-0.885357,0.000000,1.000000
2.125000,25.000000,0.250000,-0.848244,0.000000,1.000000
2.125000,25.000000,0.550000,-0.767494,0.000000,1.000000
2.125000,25.000000,0.200000,-0.856149,0.000000,1.000000
2.125000,25.000000,0.150000,-0.873228,0.000000,1.000000
2.125000,25.000000,0.050000,-0.892251,0.000000,1.000000
2.125000,25.000000,0.800000,-0.702902,0.000000,1.000000
2.125000,25.000000,0.450000,-0.794890,0.000000,1.000000
2.125000,25.000000,0.750000,-0.710592,0.000000,1.000000
2.125000,25.000000,0.650000,-0.740863,0.000000,1.000000
2.125000,25.000000,1.000000,-0.644636,0.000000,1.000000
2.125000,25.000000,0.850000,-0.687592,0.000000,1.000000
2.125000,25.000000,0.600000,-0.748958,0.000000,1.000000
2.125000,25.000000,0.900000,-0.669077,0.000000,1.000000
2.125000,25.000000,0.700000,-0.718203,0.000000,1.000000
2.125000,25.000000,0.300000,-0.835756,0.000000,1.000000
2.125000,25.000000,0.950000,-0.666605,0.000000,1.000000
2.125000,25.000000,0.400000,-0.809870,0.000000,1.000000
2.125000,50.000000,0.150000,-0.563336,0.000000,1.000000
2.125000,50.000000,0.050000,-0.548387,0.000000,1.000000
2.125000,50.000000,0.000000,-0.529764,0.000000,1.000000
2.125000,50.000000,0.650000,-0.480927,0.000000,1.000000
2.125000,50.000000,0.350000,-0.544647,0.000000,1.000000
2.125000,50.000000,0.250000,-0.563314,0.000000,1.000000
2.125000,50.000000,0.600000,-0.495340,0.000000,1.000000
2.125000,50.000000,0.800000,-0.450229,0.000000,1.000000
2.125000,50.000000,0.300000,-0.554922,0.000000,1.000000
2.125000,50.000000,0.550000,-0.508474,0.000000,1.000000
2.125000,50.000000,0.500000,-0.515355,0.000000,1.000000
2.125000,50.000000,0.100000,-0.560467,0.000000,1.000000
2.125000,50.000000,0.450000,-0.524520,0.000000,1.000000
2.125000,50.000000,0.400000,-0.538669,0.000000,1.000000
2.125000,50.000000,0.200000,-0.562591,0.000000,1.000000
2.125000,50.000000,0.700000,-0.474238,0.000000,1.000000
2.125000,50.000000,0.900000,-0.426138,0.000000,1.000000
2.125000,50.000000,0.750000,-0.461873,0.000000,1.000000
2.125000,50.000000,0.850000,-0.438234,0.000000,1.000000
2.125000,50.000000,1.000000,-0.408758,0.000000,1.000000
2.125000,50.000000,0.950000,-0.421080,0.000000,1.000000
2.125000,100.000000,0.050000,-0.251232,0.000000,1.000000
2.125000,100.000000,0.000000,-0.203962,0.000000,1.000000
2.125000,100.000000,0.100000,-0.284362,0.000000,1.000000
2.125000,100.000000,0.200000,-0.315479,0.000000,1.000000
2.125000,100.000000,0.150000,-0.305006,0.000000,1.000000
2.125000,100.000000,0.300000,-0.324598,0.000000,1.000000
2.125000,100.000000,0.250000,-0.320522,0.000000,1.000000
2.125000,100.000000,0.400000,-0.317778,0.000000,1.000000
2.125000,100.000000,0.350000,-0.321362,0.000000,1.000000
2.125000,100.000000,0.700000,-0.271483,0.000000,1.000000
2.125000,100.000000,0.750000,-0.266377,0.000000,1.000000
2.125000,100.000000,0.900000,-0.247315,0.000000,1.000000
2.125000,100.000000,0.450000,-0.312232,0.000000,1.000000
2.125000,100.000000,0.950000,-0.240625,0.000000,1.000000
2.125000,100.000000,0.650000,-0.281805,0.000000,1.000000
2.125000,100.000000,1.000000,-0.230869,0.000000,1.000000
2.125000,100.000000,0.550000,-0.299373,0.000000,1.000000
2.125000,100.000000,0.850000,-0.252822,0.000000,1.000000
2.125000,100.000000,0.800000,-0.259505,0.000000,1.000000
2.125000,100.000000,0.500000,-0.305306,0.000000,1.000000
2.125000,100.000000,0.600000,-0.289677,0.000000,1.000000
0.125000,100.000000,1.000000,-0.155966,0.000000,1.000000
