alpha,N_species,w,leading_eigenvalue,extinction_counter,attempt_counter
-2.375000,10.000000,0.650000,-0.354980,0.000000,1.000000
-2.375000,10.000000,0.700000,-0.342050,0.000000,1.000000
-2.375000,10.000000,0.200000,-0.497816,0.000000,1.000000
-2.375000,10.000000,0.850000,-0.292962,0.000000,1.000000
-2.375000,10.000000,1.000000,-0.246598,0.000000,1.000000
-2.375000,10.000000,0.950000,-0.261193,0.000000,1.000000
-2.375000,10.000000,0.800000,-0.310594,0.000000,1.000000
-2.375000,10.000000,0.750000,-0.328180,0.000000,1.000000
-2.375000,10.000000,0.000000,-0.572974,0.000000,1.000000
-2.375000,10.000000,0.450000,-0.412771,0.000000,1.000000
-2.375000,10.000000,0.100000,-0.534744,0.000000,1.000000
-2.375000,10.000000,0.400000,-0.428719,0.000000,1.000000
-2.375000,10.000000,0.500000,-0.397411,0.000000,1.000000
-2.375000,10.000000,0.600000,-0.368498,0.000000,1.000000
-2.375000,10.000000,0.900000,-0.276594,0.000000,1.000000
-2.375000,10.000000,0.050000,-0.553656,0.000000,1.000000
-2.375000,25.000000,0.550000,-0.347042,0.000000,1.000000
-2.375000,25.000000,0.650000,-0.287900,0.000000,1.000000
-2.375000,25.000000,0.900000,-0.178575,0.000000,1.000000
-2.375000,25.000000,1.000000,-0.147253,0.000000,1.000000
-2.375000,25.000000,0.600000,-0.316872,0.000000,1.000000
-2.375000,25.000000,0.400000,-0.443728,0.000000,1.000000
-2.375000,10.000000,0.250000,-0.479846,0.000000,1.000000
-2.375000,25.000000,0.700000,-0.261649,0.000000,1.000000
-2.375000,25.000000,0.250000,-0.561626,0.000000,1.000000
-2.375000,25.000000,0.950000,-0.162213,0.000000,1.000000
-2.375000,25.000000,0.350000,-0.481430,0.000000,1.000000
-2.375000,25.000000,0.050000,-0.746688,0.000000,1.000000
-2.375000,25.000000,0.200000,-0.603975,0.000000,1.000000
-2.375000,10.000000,0.150000,-0.516133,0.000000,1.000000
-2.375000,25.000000,0.150000,-0.648501,0.000000,1.000000
-2.375000,25.000000,0.500000,-0.375933,0.000000,1.000000
-2.375000,25.000000,0.850000,-0.196506,0.000000,1.000000
-2.375000,10.000000,0.350000,-0.445238,0.000000,1.000000
-2.375000,10.000000,0.550000,-0.382650,0.000000,1.000000
-2.375000,25.000000,0.450000,-0.408384,0.000000,1.000000
-2.375000,10.000000,0.300000,-0.462297,0.000000,1.000000
-2.375000,25.000000,0.750000,-0.237828,0.000000,1.000000
-2.375000,25.000000,0.300000,-0.520830,0.000000,1.000000
-2.375000,25.000000,0.800000,-0.216189,0.000000,1.000000
-2.375000,50.000000,0.650000,-0.177654,0.000000,1.000000
-2.375000,50.000000,0.850000,-0.093959,0.000000,1.000000
-2.375000,50.000000,0.950000,-0.069398,0.000000,1.000000
-2.375000,25.000000,0.100000,-0.696776,0.000000,1.000000
-2.375000,50.000000,1.000000,-0.060107,0.000000,1.000000
-2.375000,50.000000,0.450000,-0.327630,0.000000,1.000000
-2.375000,50.000000,0.400000,-0.382488,0.000000,1.000000
-2.375000,50.000000,0.900000,-0.080590,0.000000,1.000000
-2.375000,50.000000,0.800000,-0.109833,0.000000,1.000000
-2.375000,25.000000,0.000000,-0.800951,0.000000,1.000000
-2.375000,50.000000,0.500000,-0.281410,0.000000,1.000000
-2.375000,50.000000,0.300000,-0.516077,0.000000,1.000000
-2.375000,50.000000,0.200000,-0.687878,0.000000,1.000000
-2.375000,50.000000,0.550000,-0.242166,0.000000,1.000000
-2.375000,50.000000,0.700000,-0.150874,0.000000,1.000000
-2.375000,50.000000,0.250000,-0.598656,0.000000,1.000000
-2.375000,50.000000,0.000000,-1.110113,0.000000,1.000000
-2.375000,50.000000,0.150000,-0.782584,0.000000,1.000000
-2.375000,50.000000,0.350000,-0.447599,0.000000,1.000000
-2.375000,50.000000,0.050000,-0.976229,0.000000,1.000000
-2.375000,50.000000,0.600000,-0.208701,0.000000,1.000000
-2.375000,50.000000,0.750000,-0.128619,0.000000,1.000000
-2.375000,50.000000,0.100000,-0.869464,0.000000,1.000000
-2.375000,100.000000,0.000000,-1.837447,0.000000,1.000000
-2.125000,10.000000,0.100000,-0.555111,0.000000,1.000000
-2.125000,10.000000,0.400000,-0.481381,0.000000,1.000000
-2.125000,10.000000,0.000000,-0.633239,0.000000,1.000000
-2.125000,10.000000,0.200000,-0.556170,0.000000,1.000000
-2.125000,10.000000,0.250000,-0.537337,0.000000,1.000000
-2.125000,10.000000,0.500000,-0.442122,0.000000,1.000000
-2.125000,10.000000,0.700000,-0.375330,0.000000,1.000000
-2.125000,10.000000,0.650000,-0.392410,0.000000,1.000000
-2.125000,10.000000,0.300000,-0.519499,0.000000,1.000000
-2.125000,10.000000,0.450000,-0.465902,0.000000,1.000000
-2.125000,10.000000,0.350000,-0.500141,0.000000,1.000000
-2.125000,10.000000,0.750000,-0.358700,0.000000,1.000000
-2.125000,10.000000,0.800000,-0.343458,0.000000,1.000000
-2.125000,10.000000,0.850000,-0.330227,0.000000,1.000000
-2.125000,10.000000,0.900000,-0.316995,0.000000,1.000000
-2.125000,10.000000,0.950000,-0.304475,0.000000,1.000000
-2.125000,10.000000,0.150000,-0.575626,0.000000,1.000000
-2.125000,10.000000,1.000000,-0.268087,0.000000,1.000000
-2.125000,10.000000,0.550000,-0.423944,0.000000,1.000000
-2.125000,10.000000,0.050000,-0.614290,0.000000,1.000000
-2.125000,10.000000,0.600000,-0.406547,0.000000,1.000000
-2.125000,25.000000,0.250000,-0.596238,0.000000,1.000000
-2.125000,25.000000,0.350000,-0.511444,0.000000,1.000000
-2.125000,25.000000,0.200000,-0.647530,0.000000,1.000000
-2.125000,25.000000,0.150000,-0.683227,0.000000,1.000000
-2.125000,25.000000,0.650000,-0.294514,0.000000,1.000000
-2.125000,25.000000,0.050000,-0.771357,0.000000,1.000000
-2.125000,25.000000,0.800000,-0.223772,0.000000,1.000000
-2.125000,25.000000,0.500000,-0.389177,0.000000,1.000000
-2.125000,25.000000,0.700000,-0.268572,0.000000,1.000000
-2.125000,25.000000,0.550000,-0.354675,0.000000,1.000000
-2.125000,25.000000,0.300000,-0.551609,0.000000,1.000000
-2.125000,25.000000,0.600000,-0.323146,0.000000,1.000000
-2.125000,25.000000,0.750000,-0.245071,0.000000,1.000000
-2.125000,25.000000,0.000000,-0.822068,0.000000,1.000000
-2.125000,25.000000,0.400000,-0.460974,0.000000,1.000000
-2.125000,25.000000,0.850000,-0.204454,0.000000,1.000000
-2.125000,25.000000,0.950000,-0.170997,0.000000,1.000000
-2.125000,25.000000,1.000000,-0.156527,0.000000,1.000000
-2.125000,25.000000,0.450000,-0.426692,0.000000,1.000000
-2.125000,25.000000,0.100000,-0.699984,0.000000,1.000000
-2.375000,100.000000,0.800000,-0.040703,0.000000,1.000000
-2.375000,100.000000,0.900000,-0.035478,0.000000,1.000000
-2.375000,100.000000,0.950000,-0.029247,0.000000,1.000000
-2.375000,100.000000,1.000000,-0.024551,0.000000,1.000000
-2.375000,100.000000,0.850000,-0.043426,0.000000,1.000000
-2.375000,100.000000,0.450000,-0.209949,0.000000,1.000000
-2.375000,100.000000,0.650000,-0.084007,0.000000,1.000000
-2.375000,100.000000,0.200000,-0.652080,0.000000,1.000000
-2.375000,100.000000,0.550000,-0.133944,0.000000,1.000000
-2.375000,100.000000,0.700000,-0.066253,0.000000,1.000000
-2.375000,100.000000,0.600000,-0.106135,0.000000,1.000000
-2.375000,100.000000,0.150000,-0.830490,0.000000,1.000000
-2.375000,100.000000,0.100000,-1.075410,0.000000,1.000000
-2.375000,100.000000,0.300000,-0.409319,0.000000,1.000000
-2.375000,100.000000,0.250000,-0.516102,0.000000,1.000000
-2.375000,100.000000,0.500000,-0.169393,0.000000,1.000000
-2.375000,100.000000,0.750000,-0.052026,0.000000,1.000000
-2.125000,50.000000,0.000000,-1.147447,0.000000,1.000000
-2.375000,100.000000,0.350000,-0.325722,0.000000,1.000000
-2.375000,100.000000,0.050000,-1.373591,0.000000,1.000000
-2.125000,25.000000,0.900000,-0.186920,0.000000,1.000000
-2.375000,100.000000,0.400000,-0.260926,0.000000,1.000000
-2.125000,50.000000,0.050000,-0.982954,0.000000,1.000000
-2.125000,50.000000,0.150000,-0.788837,0.000000,1.000000
-2.125000,50.000000,0.450000,-0.327977,0.000000,1.000000
-2.125000,50.000000,0.350000,-0.449531,0.000000,1.000000
-2.125000,50.000000,0.400000,-0.377415,0.000000,1.000000
-2.125000,50.000000,0.250000,-0.599635,0.000000,1.000000
-2.125000,50.000000,0.650000,-0.199876,0.000000,1.000000
-2.125000,50.000000,0.500000,-0.296436,0.000000,1.000000
-2.125000,50.000000,0.600000,-0.227150,0.000000,1.000000
-2.125000,50.000000,0.850000,-0.122823,0.000000,1.000000
-2.125000,50.000000,0.300000,-0.519795,0.000000,1.000000
-2.125000,50.000000,0.550000,-0.250002,0.000000,1.000000
-2.125000,50.000000,0.100000,-0.873026,0.000000,1.000000
-2.125000,50.000000,0.700000,-0.169789,0.000000,1.000000
-2.125000,50.000000,0.950000,-0.106056,0.000000,1.000000
-2.125000,50.000000,0.800000,-0.138258,0.000000,1.000000
-2.125000,50.000000,0.200000,-0.687649,0.000000,1.000000
-2.125000,50.000000,0.750000,-0.155970,0.000000,1.000000
-2.125000,50.000000,0.900000,-0.109346,0.000000,1.000000
-2.125000,50.000000,1.000000,-0.087245,0.000000,1.000000
-1.875000,10.000000,0.000000,-0.659597,0.000000,1.000000
-1.875000,10.000000,0.050000,-0.602031,0.000000,1.000000
-1.875000,10.000000,0.100000,-0.620575,0.000000,1.000000
-1.875000,10.000000,0.300000,-0.551780,0.000000,1.000000
-1.875000,10.000000,0.200000,-0.587280,0.000000,1.000000
-1.875000,10.000000,0.150000,-0.603527,0.000000,1.000000
-1.875000,10.000000,0.350000,-0.537667,0.000000,1.000000
-1.875000,10.000000,0.600000,-0.447866,0.000000,1.000000
-1.875000,10.000000,0.550000,-0.465816,0.000000,1.000000
-1.875000,10.000000,0.450000,-0.502916,0.000000,1.000000
-1.875000,10.000000,0.250000,-0.572039,0.000000,1.000000
-1.875000,10.000000,0.400000,-0.521069,0.000000,1.000000
-1.875000,10.000000,0.500000,-0.484274,0.000000,1.000000
-1.875000,10.000000,0.650000,-0.430561,0.000000,1.000000
-1.875000,10.000000,0.750000,-0.398029,0.000000,1.000000
-1.875000,10.000000,0.700000,-0.413947,0.000000,1.000000
-1.875000,10.000000,0.850000,-0.368221,0.000000,1.000000
-1.875000,10.000000,0.900000,-0.377995,0.000000,1.000000
-1.875000,10.000000,0.950000,-0.340943,0.000000,1.000000
-1.875000,10.000000,1.000000,-0.328181,0.000000,1.000000
-2.125000,100.000000,0.050000,-1.313500,0.000000,1.000000
-2.125000,100.000000,0.600000,-0.099322,0.000000,1.000000
-2.125000,100.000000,0.450000,-0.183305,0.000000,1.000000
-2.125000,100.000000,0.500000,-0.148329,0.000000,1.000000
-2.125000,100.000000,0.300000,-0.365185,0.000000,1.000000
-2.125000,100.000000,0.150000,-0.807037,0.000000,1.000000
-2.125000,100.000000,0.700000,-0.068384,0.000000,1.000000
-2.125000,100.000000,0.750000,-0.057326,0.000000,1.000000
-2.125000,100.000000,0.550000,-0.120942,0.000000,1.000000
-1.875000,25.000000,0.000000,-0.838830,0.000000,1.000000
-2.125000,100.000000,0.850000,-0.041140,0.000000,1.000000
-2.125000,100.000000,0.250000,-0.470312,0.000000,1.000000
-2.125000,100.000000,0.650000,-0.082133,0.000000,1.000000
-2.125000,100.000000,0.800000,-0.057244,0.000000,1.000000
-2.125000,100.000000,0.100000,-1.026768,0.000000,1.000000
-2.125000,100.000000,0.400000,-0.228411,0.000000,1.000000
-2.125000,100.000000,0.000000,-1.712359,0.000000,1.000000
-2.125000,100.000000,0.200000,-0.621826,0.000000,1.000000
-2.125000,100.000000,0.950000,-0.027658,0.000000,1.000000
-1.875000,10.000000,0.800000,-0.382795,0.000000,1.000000
-2.125000,100.000000,0.350000,-0.287269,0.000000,1.000000
-1.875000,25.000000,0.050000,-0.809041,0.000000,1.000000
-1.875000,25.000000,0.100000,-0.724726,0.000000,1.000000
-2.125000,100.000000,1.000000,-0.022851,0.000000,1.000000
-2.125000,100.000000,0.900000,-0.034022,0.000000,1.000000
-1.875000,25.000000,0.150000,-0.713448,0.000000,1.000000
-1.875000,25.000000,0.200000,-0.657877,0.000000,1.000000
-1.875000,25.000000,0.400000,-0.481932,0.000000,1.000000
-1.875000,25.000000,0.350000,-0.521043,0.000000,1.000000
-1.875000,25.000000,0.300000,-0.570943,0.000000,1.000000
-1.875000,25.000000,0.550000,-0.384312,0.000000,1.000000
-1.875000,25.000000,0.250000,-0.610160,0.000000,1.000000
-1.875000,25.000000,0.600000,-0.357692,0.000000,1.000000
-1.875000,25.000000,0.750000,-0.290399,0.000000,1.000000
-1.875000,25.000000,0.650000,-0.335361,0.000000,1.000000
-1.875000,25.000000,0.800000,-0.235107,0.000000,1.000000
-1.875000,25.000000,0.450000,-0.446271,0.000000,1.000000
-1.875000,25.000000,1.000000,-0.201467,0.000000,1.000000
-1.875000,25.000000,0.700000,-0.311839,0.000000,1.000000
-1.875000,25.000000,0.950000,-0.215886,0.000000,1.000000
-1.875000,25.000000,0.850000,-0.248536,0.000000,1.000000
-1.875000,25.000000,0.900000,-0.231529,0.000000,1.000000
-1.875000,50.000000,0.000000,-1.177015,0.000000,1.000000
-1.875000,25.000000,0.500000,-0.413811,0.000000,1.000000
-1.875000,50.000000,0.100000,-0.880067,0.000000,1.000000
-1.875000,50.000000,0.400000,-0.378515,0.000000,1.000000
-1.875000,50.000000,0.050000,-1.019783,0.000000,1.000000
-1.875000,50.000000,0.200000,-0.681240,0.000000,1.000000
-1.875000,50.000000,0.300000,-0.461058,0.000000,1.000000
-1.875000,50.000000,0.150000,-0.772019,0.000000,1.000000
-1.875000,50.000000,0.500000,-0.279545,0.000000,1.000000
-1.875000,50.000000,0.600000,-0.208365,0.000000,1.000000
-1.875000,50.000000,0.700000,-0.156366,0.000000,1.000000
-1.875000,50.000000,0.650000,-0.180358,0.000000,1.000000
-1.875000,50.000000,0.800000,-0.118149,0.000000,1.000000
-1.875000,50.000000,0.350000,-0.443164,0.000000,1.000000
-1.875000,50.000000,0.850000,-0.103034,0.000000,1.000000
-1.875000,50.000000,0.250000,-0.561546,0.000000,1.000000
-1.875000,50.000000,0.750000,-0.135792,0.000000,1.000000
-1.875000,50.000000,1.000000,-0.069770,0.000000,1.000000
-1.875000,50.000000,0.900000,-0.076929,0.000000,1.000000
-1.875000,50.000000,0.550000,-0.163492,0.000000,1.000000
-1.875000,50.000000,0.450000,-0.324804,0.000000,1.000000
-1.625000,10.000000,0.050000,-0.660594,0.000000,1.000000
-1.625000,10.000000,0.100000,-0.646775,0.000000,1.000000
-1.875000,50.000000,0.950000,-0.079104,0.000000,1.000000
-1.625000,10.000000,0.000000,-0.692035,0.000000,1.000000
-1.625000,10.000000,0.150000,-0.632585,0.000000,1.000000
-1.875000,100.000000,0.800000,-0.015908,0.000000,1.000000
-1.875000,100.000000,0.650000,-0.049365,0.000000,1.000000
-1.875000,100.000000,0.750000,-0.063966,0.000000,1.000000
-1.875000,100.000000,0.850000,-0.044056,0.000000,1.000000
-1.875000,100.000000,0.400000,-0.253033,0.000000,1.000000
-1.875000,100.000000,0.450000,-0.191503,0.000000,1.000000
-1.875000,100.000000,0.000000,-1.631079,0.000000,1.000000
-1.875000,100.000000,0.350000,-0.310638,0.000000,1.000000
-1.875000,100.000000,0.700000,-0.077311,0.000000,1.000000
-1.875000,100.000000,0.100000,-0.985829,0.000000,1.000000
-1.875000,100.000000,0.600000,-0.113488,0.000000,1.000000
-1.875000,100.000000,1.000000,-0.026131,0.000000,1.000000
-1.875000,100.000000,0.250000,-0.482344,0.000000,1.000000
-1.875000,100.000000,0.200000,-0.605067,0.000000,1.000000
-1.875000,100.000000,0.500000,-0.168313,0.000000,1.000000
-1.875000,100.000000,0.900000,-0.036751,0.000000,1.000000
-1.875000,100.000000,0.950000,-0.012048,0.000000,1.000000
-1.875000,100.000000,0.300000,-0.384885,0.000000,1.000000
-1.875000,100.000000,0.550000,-0.137953,0.000000,1.000000
-1.875000,100.000000,0.150000,-0.767834,0.000000,1.000000
-1.875000,100.000000,0.050000,-1.264305,0.000000,1.000000
-1.625000,10.000000,0.250000,-0.611923,0.000000,1.000000
-1.625000,10.000000,0.400000,-0.547869,0.000000,1.000000
-1.625000,10.000000,0.350000,-0.589016,0.000000,1.000000
-1.625000,10.000000,0.300000,-0.605814,0.000000,1.000000
-1.625000,10.000000,0.450000,-0.553334,0.000000,1.000000
-1.625000,10.000000,0.200000,-0.637250,0.000000,1.000000
-1.625000,10.000000,0.500000,-0.535866,0.000000,1.000000
-1.625000,10.000000,0.550000,-0.519048,0.000000,1.000000
-1.625000,10.000000,0.700000,-0.452427,0.000000,1.000000
-1.625000,10.000000,0.800000,-0.444484,0.000000,1.000000
-1.625000,10.000000,0.900000,-0.418562,0.000000,1.000000
-1.625000,10.000000,0.600000,-0.455454,0.000000,1.000000
-1.625000,10.000000,0.750000,-0.458225,0.000000,1.000000
-1.625000,10.000000,0.650000,-0.431563,0.000000,1.000000
-1.625000,10.000000,0.850000,-0.347608,0.000000,1.000000
-1.625000,10.000000,1.000000,-0.394566,0.000000,1.000000
-1.625000,25.000000,0.100000,-0.754550,0.000000,1.000000
-1.625000,25.000000,0.150000,-0.721636,0.000000,1.000000
-1.625000,25.000000,0.000000,-0.854964,0.000000,1.000000
-1.625000,25.000000,0.350000,-0.539208,0.000000,1.000000
-1.625000,25.000000,0.300000,-0.582471,0.000000,1.000000
-1.625000,25.000000,0.200000,-0.684892,0.000000,1.000000
-1.625000,25.000000,0.450000,-0.432347,0.000000,1.000000
-1.625000,10.000000,0.950000,-0.406334,0.000000,1.000000
-1.625000,25.000000,0.600000,-0.322691,0.000000,1.000000
-1.625000,25.000000,0.550000,-0.355451,0.000000,1.000000
-1.625000,25.000000,0.500000,-0.391887,0.000000,1.000000
-1.625000,25.000000,0.650000,-0.293252,0.000000,1.000000
-1.625000,25.000000,0.400000,-0.477104,0.000000,1.000000
-1.625000,25.000000,0.050000,-0.809457,0.000000,1.000000
-1.625000,25.000000,0.750000,-0.283651,0.000000,1.000000
-1.625000,25.000000,0.850000,-0.202416,0.000000,1.000000
-1.625000,25.000000,0.950000,-0.212366,0.000000,1.000000
-1.625000,25.000000,0.800000,-0.221637,0.000000,1.000000
-1.625000,25.000000,0.250000,-0.633467,0.000000,1.000000
-1.625000,25.000000,0.700000,-0.266795,0.000000,1.000000
-1.625000,25.000000,0.900000,-0.229118,0.000000,1.000000
-1.625000,25.000000,1.000000,-0.155648,0.000000,1.000000
-1.625000,50.000000,0.000000,-1.113012,0.000000,1.000000
-1.625000,50.000000,0.100000,-0.872785,0.000000,1.000000
-1.625000,50.000000,0.050000,-0.991907,0.000000,1.000000
-1.625000,50.000000,0.150000,-0.770140,0.000000,1.000000
-1.625000,50.000000,0.200000,-0.671644,0.000000,1.000000
-1.625000,50.000000,0.400000,-0.342746,0.000000,1.000000
-1.625000,50.000000,0.950000,-0.057554,0.000000,1.000000
-1.625000,50.000000,0.350000,-0.405908,0.000000,1.000000
-1.625000,50.000000,0.550000,-0.264117,0.000000,1.000000
-1.625000,50.000000,0.650000,-0.150616,0.000000,1.000000
-1.625000,50.000000,0.250000,-0.594642,0.000000,1.000000
-1.625000,50.000000,0.900000,-0.067287,0.000000,1.000000
-1.625000,50.000000,0.500000,-0.327315,0.000000,1.000000
-1.625000,50.000000,0.600000,-0.177243,0.000000,1.000000
-1.625000,50.000000,0.850000,-0.078882,0.000000,1.000000
-1.625000,50.000000,0.300000,-0.512364,0.000000,1.000000
-1.625000,50.000000,0.800000,-0.092629,0.000000,1.000000
-1.625000,50.000000,0.450000,-0.290066,0.000000,1.000000
-1.625000,50.000000,0.750000,-0.108873,0.000000,1.000000
-1.625000,50.000000,1.000000,-0.049441,0.000000,1.000000
-1.625000,50.000000,0.700000,-0.128033,0.000000,1.000000
-1.625000,100.000000,0.050000,-1.194394,0.000000,1.000000
-1.625000,100.000000,0.100000,-0.944482,0.000000,1.000000
-1.625000,100.000000,0.150000,-0.741815,0.000000,1.000000
-1.625000,100.000000,0.000000,-1.548681,0.000000,1.000000
-1.625000,100.000000,0.200000,-0.585859,0.000000,1.000000
-1.375000,10.000000,0.050000,-0.722275,0.000000,1.000000
-1.375000,10.000000,0.000000,-0.735959,0.000000,1.000000
-1.375000,10.000000,0.200000,-0.693108,0.000000,1.000000
-1.375000,10.000000,0.300000,-0.633054,0.000000,1.000000
-1.375000,10.000000,0.400000,-0.580562,0.000000,1.000000
-1.375000,10.000000,0.350000,-0.623977,0.000000,1.000000
-1.375000,10.000000,0.250000,-0.657106,0.000000,1.000000
-1.375000,10.000000,0.100000,-0.712687,0.000000,1.000000
-1.375000,10.000000,0.450000,-0.553850,0.000000,1.000000
-1.375000,10.000000,0.600000,-0.479728,0.000000,1.000000
-1.625000,100.000000,0.700000,-0.025038,0.000000,1.000000
-1.625000,100.000000,0.250000,-0.435940,0.000000,1.000000
-1.625000,100.000000,0.400000,-0.195182,0.000000,1.000000
-1.625000,100.000000,0.550000,-0.081986,0.000000,1.000000
-1.375000,10.000000,0.500000,-0.528016,0.000000,1.000000
-1.625000,100.000000,0.450000,-0.148337,0.000000,1.000000
-1.625000,100.000000,0.500000,-0.111361,0.000000,1.000000
-1.375000,10.000000,0.700000,-0.491569,0.000000,1.000000
-1.625000,100.000000,0.350000,-0.255115,0.000000,1.000000
-1.625000,100.000000,0.300000,-0.340746,0.000000,1.000000
-1.625000,100.000000,1.000000,-0.000000,0.000000,1.000000
-1.625000,100.000000,0.750000,-0.013299,0.000000,1.000000
-1.625000,100.000000,0.600000,-0.058569,0.000000,1.000000
-1.375000,10.000000,0.150000,-0.709597,0.000000,1.000000
-1.375000,10.000000,0.550000,-0.503285,0.000000,1.000000
-1.625000,100.000000,0.900000,-0.017706,0.000000,1.000000
-1.375000,10.000000,0.750000,-0.415990,0.000000,1.000000
-1.375000,10.000000,0.800000,-0.458536,0.000000,1.000000
-1.375000,10.000000,0.850000,-0.378856,0.000000,1.000000
-1.375000,10.000000,0.900000,-0.361747,0.000000,1.000000
-1.375000,10.000000,0.950000,-0.345545,0.000000,1.000000
-1.625000,100.000000,0.650000,-0.084299,0.000000,1.000000
-1.375000,10.000000,1.000000,-0.401300,0.000000,1.000000
-1.625000,100.000000,0.850000,-0.000176,0.000000,1.000000
-1.625000,100.000000,0.950000,-0.013012,0.000000,1.000000
-1.375000,25.000000,0.000000,-0.910732,0.000000,1.000000
-1.625000,100.000000,0.800000,-0.031213,0.000000,1.000000
-1.375000,25.000000,0.050000,-0.848149,0.000000,1.000000
-1.375000,10.000000,0.650000,-0.501270,0.000000,1.000000
-1.375000,25.000000,0.100000,-0.787638,0.000000,1.000000
-1.375000,25.000000,0.150000,-0.743726,0.000000,1.000000
-1.375000,25.000000,0.200000,-0.695268,0.000000,1.000000
-1.375000,25.000000,0.400000,-0.504268,0.000000,1.000000
-1.375000,25.000000,0.450000,-0.487831,0.000000,1.000000
-1.375000,25.000000,0.250000,-0.643987,0.000000,1.000000
-1.375000,25.000000,0.350000,-0.547018,0.000000,1.000000
-1.375000,25.000000,0.500000,-0.428155,0.000000,1.000000
-1.375000,25.000000,0.550000,-0.413293,0.000000,1.000000
-1.375000,25.000000,0.600000,-0.363698,0.000000,1.000000
-1.375000,25.000000,0.750000,-0.287065,0.000000,1.000000
-1.375000,25.000000,0.650000,-0.344639,0.000000,1.000000
-1.375000,25.000000,0.800000,-0.308135,0.000000,1.000000
-1.375000,25.000000,0.700000,-0.310224,0.000000,1.000000
-1.375000,25.000000,0.300000,-0.593215,0.000000,1.000000
-1.375000,25.000000,0.900000,-0.229288,0.000000,1.000000
-1.375000,25.000000,0.850000,-0.246790,0.000000,1.000000
-1.375000,25.000000,1.000000,-0.198742,0.000000,1.000000
-1.375000,25.000000,0.950000,-0.213320,0.000000,1.000000
-1.375000,50.000000,0.000000,-1.092575,0.000000,1.000000
-1.375000,50.000000,0.050000,-0.957609,0.000000,1.000000
-1.375000,50.000000,0.100000,-0.864767,0.000000,1.000000
-1.375000,50.000000,0.150000,-0.763111,0.000000,1.000000
-1.375000,50.000000,0.200000,-0.666727,0.000000,1.000000
-1.375000,50.000000,0.250000,-0.582004,0.000000,1.000000
-1.375000,50.000000,0.300000,-0.469959,0.000000,1.000000
-1.375000,50.000000,0.350000,-0.393554,0.000000,1.000000
-1.375000,50.000000,0.450000,-0.275715,0.000000,1.000000
-1.375000,50.000000,0.500000,-0.230104,0.000000,1.000000
-1.375000,50.000000,0.400000,-0.394994,0.000000,1.000000
-1.375000,50.000000,0.700000,-0.106209,0.000000,1.000000
-1.375000,50.000000,0.750000,-0.085763,0.000000,1.000000
-1.375000,50.000000,0.850000,-0.053679,0.000000,1.000000
-1.375000,50.000000,1.000000,-0.022440,0.000000,1.000000
-1.375000,50.000000,0.650000,-0.204294,0.000000,1.000000
-1.375000,50.000000,0.600000,-0.220398,0.000000,1.000000
-1.375000,50.000000,0.550000,-0.247206,0.000000,1.000000
-1.375000,50.000000,0.800000,-0.166355,0.000000,1.000000
-1.375000,50.000000,0.900000,-0.136059,0.000000,1.000000
-1.375000,50.000000,0.950000,-0.122468,0.000000,1.000000
-1.125000,10.000000,0.000000,-0.791778,0.000000,1.000000
-1.125000,10.000000,0.050000,-0.761281,0.000000,1.000000
-1.125000,10.000000,0.100000,-0.761776,0.000000,1.000000
-1.125000,10.000000,0.150000,-0.744662,0.000000,1.000000
-1.125000,10.000000,0.250000,-0.701699,0.000000,1.000000
-1.375000,100.000000,0.100000,-0.898120,0.000000,1.000000
-1.375000,100.000000,0.000000,-1.447329,0.000000,1.000000
-1.125000,10.000000,0.200000,-0.717205,0.000000,1.000000
-1.375000,100.000000,0.650000,-0.077149,0.000000,1.000000
-1.375000,100.000000,0.300000,-0.372393,0.000000,1.000000
-1.375000,100.000000,0.050000,-1.143184,0.000000,1.000000
-1.375000,100.000000,0.200000,-0.546168,0.000000,1.000000
-1.375000,100.000000,0.500000,-0.146527,0.000000,1.000000
-1.125000,10.000000,0.350000,-0.658065,0.000000,1.000000
-1.125000,10.000000,0.300000,-0.672217,0.000000,1.000000
-1.375000,100.000000,0.450000,-0.180818,0.000000,1.000000
-1.375000,100.000000,0.750000,-0.048984,0.000000,1.000000
-1.375000,100.000000,0.550000,-0.118662,0.000000,1.000000
-1.375000,100.000000,0.700000,-0.061718,0.000000,1.000000
-1.375000,100.000000,0.350000,-0.300839,0.000000,1.000000
-1.375000,100.000000,0.800000,-0.029945,0.000000,1.000000
-1.125000,10.000000,0.500000,-0.578228,0.000000,1.000000
-1.375000,100.000000,0.900000,-0.033386,0.000000,1.000000
-1.125000,10.000000,0.550000,-0.583070,0.000000,1.000000
-1.375000,100.000000,0.400000,-0.245418,0.000000,1.000000
-1.375000,100.000000,0.600000,-0.112816,0.000000,1.000000
-1.125000,10.000000,0.400000,-0.642372,0.000000,1.000000
-1.375000,100.000000,0.850000,-0.024723,0.000000,1.000000
-1.125000,10.000000,0.750000,-0.495487,0.000000,1.000000
-1.375000,100.000000,1.000000,-0.021222,0.000000,1.000000
-1.125000,10.000000,0.850000,-0.430510,0.000000,1.000000
-1.375000,100.000000,0.150000,-0.710412,0.000000,1.000000
-1.125000,10.000000,0.600000,-0.531436,0.000000,1.000000
-1.125000,10.000000,0.650000,-0.509305,0.000000,1.000000
-1.125000,10.000000,1.000000,-0.380706,0.000000,1.000000
-1.125000,10.000000,0.900000,-0.413093,0.000000,1.000000
-1.125000,10.000000,0.800000,-0.448798,0.000000,1.000000
-1.375000,100.000000,0.950000,-0.016969,0.000000,1.000000
-1.125000,10.000000,0.950000,-0.396506,0.000000,1.000000
-1.375000,100.000000,0.250000,-0.456820,0.000000,1.000000
-1.125000,10.000000,0.450000,-0.602237,0.000000,1.000000
-1.125000,10.000000,0.700000,-0.490413,0.000000,1.000000
-1.125000,25.000000,0.050000,-0.861815,0.000000,1.000000
-1.125000,25.000000,0.000000,-0.896877,0.000000,1.000000
-1.125000,25.000000,0.200000,-0.724407,0.000000,1.000000
-1.125000,25.000000,0.150000,-0.764029,0.000000,1.000000
-1.125000,25.000000,0.100000,-0.805493,0.000000,1.000000
-1.125000,25.000000,0.250000,-0.658063,0.000000,1.000000
-1.125000,25.000000,0.300000,-0.617649,0.000000,1.000000
-1.125000,25.000000,0.400000,-0.545938,0.000000,1.000000
-1.125000,25.000000,0.350000,-0.586962,0.000000,1.000000
-1.125000,25.000000,0.450000,-0.509545,0.000000,1.000000
-1.125000,25.000000,0.500000,-0.476368,0.000000,1.000000
-1.125000,25.000000,0.550000,-0.397298,0.000000,1.000000
-1.125000,25.000000,0.750000,-0.346771,0.000000,1.000000
-1.125000,25.000000,0.700000,-0.368633,0.000000,1.000000
-1.125000,25.000000,0.600000,-0.418031,0.000000,1.000000
-1.125000,25.000000,0.800000,-0.309069,0.000000,1.000000
-1.125000,25.000000,0.850000,-0.225391,0.000000,1.000000
-1.125000,25.000000,0.900000,-0.304368,0.000000,1.000000
-1.125000,25.000000,1.000000,-0.200270,0.000000,1.000000
-1.125000,25.000000,0.950000,-0.215254,0.000000,1.000000
-1.125000,25.000000,0.650000,-0.392325,0.000000,1.000000
-1.125000,50.000000,0.000000,-1.090328,0.000000,1.000000
-1.125000,50.000000,0.050000,-0.959493,0.000000,1.000000
-1.125000,50.000000,0.100000,-0.855409,0.000000,1.000000
-1.125000,50.000000,0.150000,-0.741082,0.000000,1.000000
-1.125000,50.000000,0.200000,-0.651459,0.000000,1.000000
-1.125000,50.000000,0.250000,-0.562546,0.000000,1.000000
-1.125000,50.000000,0.350000,-0.397829,0.000000,1.000000
-1.125000,50.000000,0.300000,-0.467552,0.000000,1.000000
-1.125000,50.000000,1.000000,-0.058598,0.000000,1.000000
-1.125000,50.000000,0.550000,-0.215695,0.000000,1.000000
-1.125000,50.000000,0.450000,-0.341285,0.000000,1.000000
-1.125000,50.000000,0.950000,-0.116953,0.000000,1.000000
-1.125000,50.000000,0.700000,-0.138914,0.000000,1.000000
-1.125000,50.000000,0.600000,-0.241276,0.000000,1.000000
-1.125000,50.000000,0.900000,-0.128904,0.000000,1.000000
-1.125000,50.000000,0.500000,-0.250452,0.000000,1.000000
-1.125000,50.000000,0.750000,-0.182593,0.000000,1.000000
-1.125000,50.000000,0.800000,-0.157530,0.000000,1.000000
-1.125000,50.000000,0.650000,-0.216140,0.000000,1.000000
-1.125000,50.000000,0.850000,-0.142358,0.000000,1.000000
-0.875000,10.000000,0.000000,-0.827918,0.000000,1.000000
-1.125000,50.000000,0.400000,-0.392573,0.000000,1.000000
-0.875000,10.000000,0.050000,-0.815314,0.000000,1.000000
-1.125000,100.000000,0.700000,-0.026934,0.000000,1.000000
-1.125000,100.000000,0.800000,-0.004661,0.000000,1.000000
-1.125000,100.000000,0.000000,-1.284746,0.000000,1.000000
-1.125000,100.000000,0.050000,-1.077398,0.000000,1.000000
-1.125000,100.000000,0.150000,-0.664017,0.000000,1.000000
-1.125000,100.000000,0.650000,-0.041901,0.000000,1.000000
-1.125000,100.000000,0.500000,-0.109704,0.000000,1.000000
-1.125000,100.000000,0.300000,-0.334761,0.000000,1.000000
-1.125000,100.000000,0.450000,-0.173172,0.000000,1.000000
-1.125000,100.000000,0.850000,-0.005334,0.000000,1.000000
-1.125000,100.000000,0.950000,-0.013007,0.000000,1.000000
-1.125000,100.000000,0.250000,-0.408516,0.000000,1.000000
-1.125000,100.000000,0.550000,-0.115301,0.000000,1.000000
-1.125000,100.000000,0.600000,-0.060137,0.000000,1.000000
-1.125000,100.000000,0.100000,-0.847928,0.000000,1.000000
-1.125000,100.000000,0.350000,-0.216564,0.000000,1.000000
-1.125000,100.000000,0.400000,-0.238073,0.000000,1.000000
-1.125000,100.000000,0.200000,-0.517546,0.000000,1.000000
-1.125000,100.000000,0.750000,-0.014650,0.000000,1.000000
-0.875000,10.000000,0.200000,-0.759003,0.000000,1.000000
-0.875000,10.000000,0.250000,-0.739317,0.000000,1.000000
-1.125000,100.000000,0.900000,-0.000000,0.000000,1.000000
-0.875000,10.000000,0.100000,-0.793651,0.000000,1.000000
-0.875000,10.000000,0.300000,-0.720022,0.000000,1.000000
-0.875000,10.000000,0.150000,-0.777719,0.000000,1.000000
-0.875000,10.000000,0.350000,-0.697302,0.000000,1.000000
-0.875000,10.000000,0.450000,-0.646095,0.000000,1.000000
-0.875000,10.000000,0.500000,-0.628417,0.000000,1.000000
-0.875000,10.000000,0.400000,-0.664493,0.000000,1.000000
-0.875000,10.000000,0.650000,-0.579330,0.000000,1.000000
-0.875000,10.000000,0.750000,-0.547595,0.000000,1.000000
-0.875000,10.000000,0.550000,-0.611423,0.000000,1.000000
-0.875000,10.000000,0.800000,-0.543391,0.000000,1.000000
-0.875000,10.000000,0.900000,-0.470688,0.000000,1.000000
-0.875000,10.000000,0.700000,-0.563923,0.000000,1.000000
-0.875000,10.000000,0.850000,-0.490513,0.000000,1.000000
-0.875000,10.000000,1.000000,-0.464617,0.000000,1.000000
-0.875000,10.000000,0.950000,-0.478475,0.000000,1.000000
-0.875000,10.000000,0.600000,-0.593339,0.000000,1.000000
-0.875000,25.000000,0.000000,-0.924901,0.000000,1.000000
-0.875000,25.000000,0.050000,-0.876053,0.000000,1.000000
-0.875000,25.000000,0.100000,-0.832637,0.000000,1.000000
-0.875000,25.000000,0.250000,-0.673604,0.000000,1.000000
-0.875000,25.000000,0.200000,-0.701501,0.000000,1.000000
-0.875000,25.000000,0.350000,-0.589886,0.000000,1.000000
-0.875000,25.000000,0.300000,-0.632504,0.000000,1.000000
-0.875000,25.000000,0.400000,-0.554543,0.000000,1.000000
-0.875000,25.000000,0.450000,-0.523756,0.000000,1.000000
-0.875000,25.000000,0.550000,-0.409814,0.000000,1.000000
-0.875000,25.000000,0.700000,-0.327181,0.000000,1.000000
-0.875000,25.000000,0.600000,-0.379709,0.000000,1.000000
-0.875000,25.000000,0.650000,-0.412757,0.000000,1.000000
-0.875000,25.000000,0.850000,-0.314367,0.000000,1.000000
-0.875000,25.000000,0.500000,-0.492476,0.000000,1.000000
-0.875000,25.000000,0.800000,-0.349862,0.000000,1.000000
-0.875000,25.000000,0.750000,-0.304240,0.000000,1.000000
-0.875000,25.000000,0.150000,-0.777066,0.000000,1.000000
-0.875000,25.000000,0.950000,-0.229940,0.000000,1.000000
-0.875000,25.000000,1.000000,-0.214949,0.000000,1.000000
-0.875000,25.000000,0.900000,-0.246227,0.000000,1.000000
-0.875000,50.000000,0.050000,-0.945185,0.000000,1.000000
-0.875000,50.000000,0.100000,-0.840057,0.000000,1.000000
-0.875000,50.000000,0.150000,-0.742455,0.000000,1.000000
-0.875000,50.000000,0.200000,-0.651338,0.000000,1.000000
-0.875000,50.000000,1.000000,-0.038359,0.000000,1.000000
-0.875000,50.000000,0.300000,-0.504908,0.000000,1.000000
-0.875000,50.000000,0.500000,-0.313970,0.000000,1.000000
-0.875000,50.000000,0.350000,-0.391131,0.000000,1.000000
-0.875000,50.000000,0.450000,-0.351177,0.000000,1.000000
-0.875000,50.000000,0.000000,-1.058630,0.000000,1.000000
-0.875000,50.000000,0.250000,-0.586102,0.000000,1.000000
-0.875000,50.000000,0.850000,-0.075038,0.000000,1.000000
-0.875000,50.000000,0.550000,-0.210679,0.000000,1.000000
-0.875000,50.000000,0.950000,-0.103108,0.000000,1.000000
-0.875000,50.000000,0.400000,-0.394444,0.000000,1.000000
-0.875000,50.000000,0.700000,-0.129398,0.000000,1.000000
-0.875000,50.000000,0.750000,-0.108845,0.000000,1.000000
-0.875000,50.000000,0.800000,-0.168289,0.000000,1.000000
-0.875000,50.000000,0.600000,-0.279051,0.000000,1.000000
-0.875000,50.000000,0.900000,-0.129145,0.000000,1.000000
-0.875000,50.000000,0.650000,-0.152887,0.000000,1.000000
-1.125000,100.000000,1.000000,-0.012441,1.000000,2.000000
-0.875000,100.000000,0.000000,-1.233745,0.000000,1.000000
-0.875000,100.000000,0.100000,-0.792488,0.000000,1.000000
-0.875000,100.000000,0.200000,-0.475715,0.000000,1.000000
-0.875000,100.000000,0.050000,-1.008320,0.000000,1.000000
-0.875000,100.000000,0.300000,-0.299826,0.000000,1.000000
-0.875000,100.000000,0.250000,-0.378631,0.000000,1.000000
-0.875000,100.000000,0.150000,-0.615593,0.000000,1.000000
-0.875000,100.000000,0.350000,-0.241075,0.000000,1.000000
-0.625000,10.000000,0.000000,-0.872048,0.000000,1.000000
-0.625000,10.000000,0.050000,-0.850067,0.000000,1.000000
-0.625000,10.000000,0.100000,-0.833830,0.000000,1.000000
-0.875000,100.000000,0.400000,-0.228426,0.000000,1.000000
-0.875000,100.000000,0.450000,-0.190946,0.000000,1.000000
-0.875000,100.000000,0.500000,-0.160352,0.000000,1.000000
-0.875000,100.000000,0.550000,-0.135124,0.000000,1.000000
-0.875000,100.000000,0.700000,-0.097289,0.000000,1.000000
-0.875000,100.000000,0.650000,-0.096551,0.000000,1.000000
-0.625000,10.000000,0.150000,-0.808729,0.000000,1.000000
-0.875000,100.000000,0.600000,-0.114138,0.000000,1.000000
-0.875000,100.000000,0.750000,-0.076543,0.000000,1.000000
-0.875000,100.000000,0.800000,-0.058422,0.000000,1.000000
-0.875000,100.000000,0.950000,-0.000000,0.000000,1.000000
-0.625000,10.000000,0.250000,-0.778802,0.000000,1.000000
-0.625000,10.000000,0.200000,-0.783324,0.000000,1.000000
-0.625000,10.000000,0.400000,-0.715546,0.000000,1.000000
-0.625000,10.000000,0.300000,-0.752825,0.000000,1.000000
-0.875000,100.000000,0.900000,-0.000029,0.000000,1.000000
-0.625000,10.000000,0.500000,-0.679793,0.000000,1.000000
-0.625000,10.000000,0.550000,-0.662993,0.000000,1.000000
-0.625000,10.000000,0.450000,-0.697273,0.000000,1.000000
-0.625000,10.000000,0.700000,-0.596163,0.000000,1.000000
-0.625000,10.000000,0.750000,-0.578167,0.000000,1.000000
-0.625000,10.000000,0.800000,-0.588004,0.000000,1.000000
-0.625000,10.000000,0.650000,-0.645513,0.000000,1.000000
-0.625000,10.000000,0.850000,-0.490045,0.000000,1.000000
-0.625000,10.000000,0.600000,-0.633827,0.000000,1.000000
-0.625000,10.000000,0.900000,-0.561667,0.000000,1.000000
-0.625000,10.000000,0.950000,-0.549179,0.000000,1.000000
-0.875000,100.000000,0.850000,-0.045027,0.000000,1.000000
-0.625000,10.000000,1.000000,-0.537115,0.000000,1.000000
-0.625000,10.000000,0.350000,-0.737285,0.000000,1.000000
-0.625000,25.000000,0.000000,-0.940143,0.000000,1.000000
-0.625000,25.000000,0.100000,-0.845710,0.000000,1.000000
-0.625000,25.000000,0.050000,-0.881708,0.000000,1.000000
-0.625000,25.000000,0.150000,-0.794312,0.000000,1.000000
-0.625000,25.000000,0.200000,-0.742693,0.000000,1.000000
-0.625000,25.000000,0.250000,-0.704615,0.000000,1.000000
-0.625000,25.000000,0.550000,-0.486715,0.000000,1.000000
-0.625000,25.000000,0.350000,-0.613171,0.000000,1.000000
-0.625000,25.000000,0.700000,-0.432814,0.000000,1.000000
-0.625000,25.000000,0.450000,-0.541125,0.000000,1.000000
-0.625000,25.000000,0.650000,-0.401318,0.000000,1.000000
-0.625000,25.000000,0.800000,-0.377100,0.000000,1.000000
-0.625000,25.000000,0.300000,-0.639783,0.000000,1.000000
-0.625000,25.000000,0.500000,-0.458617,0.000000,1.000000
-0.625000,25.000000,0.400000,-0.593736,0.000000,1.000000
-0.625000,25.000000,0.750000,-0.395784,0.000000,1.000000
-0.625000,25.000000,0.600000,-0.461215,0.000000,1.000000
-0.625000,25.000000,0.850000,-0.374326,0.000000,1.000000
-0.625000,25.000000,0.900000,-0.324006,0.000000,1.000000
-0.625000,25.000000,0.950000,-0.314638,0.000000,1.000000
-0.625000,25.000000,1.000000,-0.314621,0.000000,1.000000
-0.625000,50.000000,0.000000,-1.043228,0.000000,1.000000
-0.625000,50.000000,0.100000,-0.815858,0.000000,1.000000
-0.625000,50.000000,0.150000,-0.727336,0.000000,1.000000
-0.625000,50.000000,0.200000,-0.614197,0.000000,1.000000
-0.625000,50.000000,0.250000,-0.533708,0.000000,1.000000
-0.625000,50.000000,0.050000,-0.925311,0.000000,1.000000
-0.625000,50.000000,0.300000,-0.489784,0.000000,1.000000
-0.625000,50.000000,0.350000,-0.410185,0.000000,1.000000
-0.625000,50.000000,0.400000,-0.362214,0.000000,1.000000
-0.625000,50.000000,0.450000,-0.336205,0.000000,1.000000
-0.625000,50.000000,0.500000,-0.355392,0.000000,1.000000
-0.625000,50.000000,0.550000,-0.251645,0.000000,1.000000
-0.625000,50.000000,0.600000,-0.285636,0.000000,1.000000
-0.625000,50.000000,0.700000,-0.242133,0.000000,1.000000
-0.625000,50.000000,0.650000,-0.262631,0.000000,1.000000
-0.625000,50.000000,0.750000,-0.223795,0.000000,1.000000
-0.625000,50.000000,0.800000,-0.218034,0.000000,1.000000
-0.625000,50.000000,0.850000,-0.191028,0.000000,1.000000
-0.625000,50.000000,0.950000,-0.163707,0.000000,1.000000
-0.625000,50.000000,0.900000,-0.168964,0.000000,1.000000
-0.625000,50.000000,1.000000,-0.105960,0.000000,1.000000
-0.875000,100.000000,1.000000,-0.051966,1.000000,2.000000
-0.625000,100.000000,0.050000,-0.947010,0.000000,1.000000
-0.625000,100.000000,0.200000,-0.483695,0.000000,1.000000
-0.625000,100.000000,0.000000,-1.167279,0.000000,1.000000
-0.625000,100.000000,0.250000,-0.366942,0.000000,1.000000
-0.625000,100.000000,0.150000,-0.599162,0.000000,1.000000
-0.625000,100.000000,0.100000,-0.745254,0.000000,1.000000
-0.625000,100.000000,0.300000,-0.333031,0.000000,1.000000
-0.375000,10.000000,0.000000,-0.913220,0.000000,1.000000
-0.625000,100.000000,0.500000,-0.179171,0.000000,1.000000
-0.625000,100.000000,0.450000,-0.214954,0.000000,1.000000
-0.625000,100.000000,0.350000,-0.293627,0.000000,1.000000
-0.375000,10.000000,0.150000,-0.859290,0.000000,1.000000
-0.625000,100.000000,0.650000,-0.118018,0.000000,1.000000
-0.625000,100.000000,0.600000,-0.140681,0.000000,1.000000
-0.375000,10.000000,0.050000,-0.901888,0.000000,1.000000
-0.375000,10.000000,0.200000,-0.844541,0.000000,1.000000
-0.375000,10.000000,0.250000,-0.812815,0.000000,1.000000
-0.375000,10.000000,0.400000,-0.749678,0.000000,1.000000
-0.375000,10.000000,0.350000,-0.771347,0.000000,1.000000
-0.375000,10.000000,0.450000,-0.709872,0.000000,1.000000
-0.625000,100.000000,0.900000,-0.018077,0.000000,1.000000
-0.625000,100.000000,0.400000,-0.250293,0.000000,1.000000
-0.375000,10.000000,0.100000,-0.874982,0.000000,1.000000
-0.625000,100.000000,0.550000,-0.156337,0.000000,1.000000
-0.375000,10.000000,0.500000,-0.687103,0.000000,1.000000
-0.625000,100.000000,0.700000,-0.076484,0.000000,1.000000
-0.625000,100.000000,0.750000,-0.095440,0.000000,1.000000
-0.625000,100.000000,0.850000,-0.073854,0.000000,1.000000
-0.625000,100.000000,0.800000,-0.083722,0.000000,1.000000
-0.375000,10.000000,0.300000,-0.795415,0.000000,1.000000
-0.375000,10.000000,0.650000,-0.690023,0.000000,1.000000
-0.375000,10.000000,0.800000,-0.595464,0.000000,1.000000
-0.375000,10.000000,0.600000,-0.694284,0.000000,1.000000
-0.375000,10.000000,0.750000,-0.612200,0.000000,1.000000
-0.375000,10.000000,0.850000,-0.591353,0.000000,1.000000
-0.625000,100.000000,0.950000,-0.057583,0.000000,1.000000
-0.375000,10.000000,0.550000,-0.685635,0.000000,1.000000
-0.375000,10.000000,0.700000,-0.638286,0.000000,1.000000
-0.625000,100.000000,1.000000,-0.056123,0.000000,1.000000
-0.375000,10.000000,0.900000,-0.560862,0.000000,1.000000
-0.375000,10.000000,0.950000,-0.604893,0.000000,1.000000
-0.375000,10.000000,1.000000,-0.534122,0.000000,1.000000
-0.375000,25.000000,0.000000,-0.948403,0.000000,1.000000
-0.375000,25.000000,0.250000,-0.696378,0.000000,1.000000
-0.375000,25.000000,0.300000,-0.661024,0.000000,1.000000
-0.375000,25.000000,0.200000,-0.741140,0.000000,1.000000
-0.375000,25.000000,0.050000,-0.896693,0.000000,1.000000
-0.375000,25.000000,0.100000,-0.840462,0.000000,1.000000
-0.375000,25.000000,0.150000,-0.790302,0.000000,1.000000
-0.375000,25.000000,0.350000,-0.618232,0.000000,1.000000
-0.375000,25.000000,0.400000,-0.584004,0.000000,1.000000
-0.375000,25.000000,0.450000,-0.548452,0.000000,1.000000
-0.375000,25.000000,0.500000,-0.520239,0.000000,1.000000
-0.375000,25.000000,0.550000,-0.471295,0.000000,1.000000
-0.375000,25.000000,0.600000,-0.429464,0.000000,1.000000
-0.375000,25.000000,0.700000,-0.378818,0.000000,1.000000
-0.375000,25.000000,0.750000,-0.356265,0.000000,1.000000
-0.375000,25.000000,0.900000,-0.297722,0.000000,1.000000
-0.375000,25.000000,0.850000,-0.315857,0.000000,1.000000
-0.375000,25.000000,0.650000,-0.403154,0.000000,1.000000
-0.375000,25.000000,0.950000,-0.302558,0.000000,1.000000
-0.375000,25.000000,0.800000,-0.361466,0.000000,1.000000
-0.375000,25.000000,1.000000,-0.304507,0.000000,1.000000
-0.375000,50.000000,0.000000,-1.009140,0.000000,1.000000
-0.375000,50.000000,0.100000,-0.790670,0.000000,1.000000
-0.375000,50.000000,0.200000,-0.630447,0.000000,1.000000
-0.375000,50.000000,0.150000,-0.704148,0.000000,1.000000
-0.375000,50.000000,0.250000,-0.550986,0.000000,1.000000
-0.375000,50.000000,0.350000,-0.453730,0.000000,1.000000
-0.375000,50.000000,0.050000,-0.899462,0.000000,1.000000
-0.375000,50.000000,0.300000,-0.501904,0.000000,1.000000
-0.375000,50.000000,0.600000,-0.260128,0.000000,1.000000
-0.375000,50.000000,0.450000,-0.375078,0.000000,1.000000
-0.375000,50.000000,0.550000,-0.286717,0.000000,1.000000
-0.375000,50.000000,0.750000,-0.195212,0.000000,1.000000
-0.375000,50.000000,0.700000,-0.215220,0.000000,1.000000
-0.375000,50.000000,0.650000,-0.236010,0.000000,1.000000
-0.375000,50.000000,0.850000,-0.162268,0.000000,1.000000
-0.375000,50.000000,0.800000,-0.209178,0.000000,1.000000
-0.375000,50.000000,0.500000,-0.316901,0.000000,1.000000
-0.375000,50.000000,0.950000,-0.166826,0.000000,1.000000
-0.375000,50.000000,0.900000,-0.148146,0.000000,1.000000
-0.375000,50.000000,1.000000,-0.134796,0.000000,1.000000
-0.375000,50.000000,0.400000,-0.355378,0.000000,1.000000
-0.125000,10.000000,0.000000,-0.949774,0.000000,1.000000
-0.375000,100.000000,0.000000,-1.092618,0.000000,1.000000
-0.375000,100.000000,0.700000,-0.024134,0.000000,1.000000
-0.375000,100.000000,0.750000,-0.047547,0.000000,1.000000
-0.375000,100.000000,0.600000,-0.139176,0.000000,1.000000
-0.375000,100.000000,0.500000,-0.086389,0.000000,1.000000
-0.375000,100.000000,0.850000,-0.000003,0.000000,1.000000
-0.375000,100.000000,0.400000,-0.195902,0.000000,1.000000
-0.375000,100.000000,0.550000,-0.148546,0.000000,1.000000
-0.375000,100.000000,0.100000,-0.698819,0.000000,1.000000
-0.375000,100.000000,0.250000,-0.391455,0.000000,1.000000
-0.375000,100.000000,0.450000,-0.202049,0.000000,1.000000
-0.375000,100.000000,0.350000,-0.236592,0.000000,1.000000
-0.375000,100.000000,0.900000,-0.046338,0.000000,1.000000
-0.375000,100.000000,0.650000,-0.109169,0.000000,1.000000
-0.375000,100.000000,1.000000,-0.048042,0.000000,1.000000
-0.375000,100.000000,0.950000,-0.010819,0.000000,1.000000
-0.375000,100.000000,0.050000,-0.869819,0.000000,1.000000
-0.375000,100.000000,0.200000,-0.419423,0.000000,1.000000
-0.375000,100.000000,0.800000,-0.066970,0.000000,1.000000
-0.375000,100.000000,0.300000,-0.328038,0.000000,1.000000
-0.125000,10.000000,0.150000,-0.875850,0.000000,1.000000
-0.125000,10.000000,0.100000,-0.917534,0.000000,1.000000
-0.125000,10.000000,0.200000,-0.875006,0.000000,1.000000
-0.125000,10.000000,0.300000,-0.801857,0.000000,1.000000
-0.125000,10.000000,0.250000,-0.854534,0.000000,1.000000
-0.375000,100.000000,0.150000,-0.572287,0.000000,1.000000
-0.125000,10.000000,0.050000,-0.941363,0.000000,1.000000
-0.125000,10.000000,0.350000,-0.814960,0.000000,1.000000
-0.125000,10.000000,0.450000,-0.777339,0.000000,1.000000
-0.125000,10.000000,0.400000,-0.795895,0.000000,1.000000
-0.125000,10.000000,0.500000,-0.764657,0.000000,1.000000
-0.125000,10.000000,0.600000,-0.691361,0.000000,1.000000
-0.125000,10.000000,0.650000,-0.643751,0.000000,1.000000
-0.125000,10.000000,0.750000,-0.608113,0.000000,1.000000
-0.125000,10.000000,0.700000,-0.625608,0.000000,1.000000
-0.125000,10.000000,0.550000,-0.705779,0.000000,1.000000
-0.125000,10.000000,0.800000,-0.591234,0.000000,1.000000
-0.125000,10.000000,0.900000,-0.559209,0.000000,1.000000
-0.125000,10.000000,0.850000,-0.574942,0.000000,1.000000
-0.125000,10.000000,0.950000,-0.557984,0.000000,1.000000
-0.125000,10.000000,1.000000,-0.559490,0.000000,1.000000
-0.125000,25.000000,0.000000,-0.955822,0.000000,1.000000
-0.125000,25.000000,0.050000,-0.901900,0.000000,1.000000
-0.125000,25.000000,0.100000,-0.846469,0.000000,1.000000
-0.125000,25.000000,0.200000,-0.771177,0.000000,1.000000
-0.125000,25.000000,0.150000,-0.779799,0.000000,1.000000
-0.125000,25.000000,0.500000,-0.522121,0.000000,1.000000
-0.125000,25.000000,0.400000,-0.584920,0.000000,1.000000
-0.125000,25.000000,0.300000,-0.658243,0.000000,1.000000
-0.125000,25.000000,0.650000,-0.489095,0.000000,1.000000
-0.125000,25.000000,0.450000,-0.565121,0.000000,1.000000
-0.125000,25.000000,0.600000,-0.483236,0.000000,1.000000
-0.125000,25.000000,0.700000,-0.437386,0.000000,1.000000
-0.125000,25.000000,0.250000,-0.704607,0.000000,1.000000
-0.125000,25.000000,0.750000,-0.416641,0.000000,1.000000
-0.125000,25.000000,0.950000,-0.345563,0.000000,1.000000
-0.125000,25.000000,0.850000,-0.412064,0.000000,1.000000
-0.125000,25.000000,0.350000,-0.620097,0.000000,1.000000
-0.125000,25.000000,0.800000,-0.378195,0.000000,1.000000
-0.125000,25.000000,0.900000,-0.341024,0.000000,1.000000
-0.125000,25.000000,1.000000,-0.326113,0.000000,1.000000
-0.125000,25.000000,0.550000,-0.536313,0.000000,1.000000
-0.125000,50.000000,0.000000,-0.972796,0.000000,1.000000
-0.125000,50.000000,0.050000,-0.864552,0.000000,1.000000
-0.125000,50.000000,0.100000,-0.777267,0.000000,1.000000
-0.125000,50.000000,0.150000,-0.671586,0.000000,1.000000
-0.125000,50.000000,0.200000,-0.547307,0.000000,1.000000
-0.125000,50.000000,0.350000,-0.440095,0.000000,1.000000
-0.125000,50.000000,0.500000,-0.348923,0.000000,1.000000
-0.125000,50.000000,0.450000,-0.321536,0.000000,1.000000
-0.125000,50.000000,0.600000,-0.230414,0.000000,1.000000
-0.125000,50.000000,0.300000,-0.453625,0.000000,1.000000
-0.125000,50.000000,0.800000,-0.180601,0.000000,1.000000
-0.125000,50.000000,0.550000,-0.288814,0.000000,1.000000
-0.125000,50.000000,0.750000,-0.164816,0.000000,1.000000
-0.125000,50.000000,0.700000,-0.184495,0.000000,1.000000
-0.125000,50.000000,0.650000,-0.162622,0.000000,1.000000
-0.125000,50.000000,0.900000,-0.076347,0.000000,1.000000
-0.125000,50.000000,0.400000,-0.316323,0.000000,1.000000
-0.125000,50.000000,0.850000,-0.090255,0.000000,1.000000
-0.125000,50.000000,0.250000,-0.541293,0.000000,1.000000
-0.125000,50.000000,0.950000,-0.112431,0.000000,1.000000
-0.125000,100.000000,0.000000,-0.995527,0.000000,1.000000
-0.125000,100.000000,0.050000,-0.788179,0.000000,1.000000
-0.125000,100.000000,0.100000,-0.652446,0.000000,1.000000
-0.125000,100.000000,0.200000,-0.347914,0.000000,1.000000
-0.125000,100.000000,0.150000,-0.537295,0.000000,1.000000
-0.125000,100.000000,0.250000,-0.371151,0.000000,1.000000
-0.125000,100.000000,0.350000,-0.266280,0.000000,1.000000
-0.125000,100.000000,0.300000,-0.224640,0.000000,1.000000
0.125000,10.000000,0.000000,-0.984725,0.000000,1.000000
-0.125000,100.000000,0.450000,-0.194768,0.000000,1.000000
-0.125000,100.000000,0.500000,-0.167061,0.000000,1.000000
-0.125000,100.000000,0.400000,-0.227394,0.000000,1.000000
-0.125000,100.000000,0.550000,-0.113907,0.000000,1.000000
0.125000,10.000000,0.050000,-0.951616,0.000000,1.000000
-0.125000,100.000000,0.650000,-0.120320,0.000000,1.000000
0.125000,10.000000,0.100000,-0.945347,0.000000,1.000000
-0.125000,100.000000,1.000000,-0.037188,0.000000,1.000000
-0.125000,100.000000,0.950000,-0.057058,0.000000,1.000000
-0.125000,100.000000,0.700000,-0.106137,0.000000,1.000000
0.125000,10.000000,0.150000,-0.928437,0.000000,1.000000
-0.125000,100.000000,0.600000,-0.133609,0.000000,1.000000
0.125000,10.000000,0.200000,-0.916924,0.000000,1.000000
0.125000,10.000000,0.300000,-0.869197,0.000000,1.000000
0.125000,10.000000,0.450000,-0.829569,0.000000,1.000000
0.125000,10.000000,0.350000,-0.849990,0.000000,1.000000
0.125000,10.000000,0.550000,-0.756322,0.000000,1.000000
0.125000,10.000000,0.400000,-0.831535,0.000000,1.000000
0.125000,10.000000,0.700000,-0.706009,0.000000,1.000000
0.125000,10.000000,0.600000,-0.739011,0.000000,1.000000
0.125000,10.000000,0.500000,-0.774210,0.000000,1.000000
0.125000,10.000000,0.800000,-0.726216,0.000000,1.000000
0.125000,10.000000,0.250000,-0.851153,0.000000,1.000000
0.125000,10.000000,0.750000,-0.684384,0.000000,1.000000
0.125000,10.000000,0.900000,-0.676205,0.000000,1.000000
0.125000,10.000000,0.950000,-0.663014,0.000000,1.000000
0.125000,10.000000,0.650000,-0.689231,0.000000,1.000000
0.125000,10.000000,0.850000,-0.689765,0.000000,1.000000
0.125000,25.000000,0.000000,-0.960765,0.000000,1.000000
0.125000,25.000000,0.100000,-0.856271,0.000000,1.000000
0.125000,10.000000,1.000000,-0.667463,0.000000,1.000000
-0.125000,100.000000,0.900000,-0.064661,0.000000,1.000000
0.125000,25.000000,0.050000,-0.899382,0.000000,1.000000
0.125000,25.000000,0.200000,-0.761014,0.000000,1.000000
0.125000,25.000000,0.300000,-0.686118,0.000000,1.000000
0.125000,25.000000,0.250000,-0.735927,0.000000,1.000000
0.125000,25.000000,0.400000,-0.621950,0.000000,1.000000
0.125000,25.000000,0.350000,-0.678483,0.000000,1.000000
0.125000,25.000000,0.450000,-0.592955,0.000000,1.000000
0.125000,25.000000,0.550000,-0.480350,0.000000,1.000000
0.125000,25.000000,0.650000,-0.494564,0.000000,1.000000
0.125000,25.000000,0.600000,-0.499474,0.000000,1.000000
0.125000,25.000000,0.150000,-0.821060,0.000000,1.000000
0.125000,25.000000,0.500000,-0.544230,0.000000,1.000000
0.125000,25.000000,0.750000,-0.466802,0.000000,1.000000
0.125000,25.000000,0.850000,-0.431222,0.000000,1.000000
0.125000,25.000000,0.800000,-0.448492,0.000000,1.000000
0.125000,25.000000,1.000000,-0.361477,0.000000,1.000000
0.125000,25.000000,0.900000,-0.414908,0.000000,1.000000
0.125000,25.000000,0.700000,-0.473599,0.000000,1.000000
0.125000,50.000000,0.000000,-0.920469,0.000000,1.000000
0.125000,50.000000,0.050000,-0.821697,0.000000,1.000000
0.125000,25.000000,0.950000,-0.359914,0.000000,1.000000
0.125000,50.000000,0.100000,-0.746702,0.000000,1.000000
0.125000,50.000000,0.200000,-0.602972,0.000000,1.000000
0.125000,50.000000,0.250000,-0.538961,0.000000,1.000000
0.125000,50.000000,0.300000,-0.485059,0.000000,1.000000
0.125000,50.000000,0.350000,-0.390840,0.000000,1.000000
0.125000,50.000000,0.150000,-0.669092,0.000000,1.000000
0.125000,50.000000,0.400000,-0.345407,0.000000,1.000000
0.125000,50.000000,0.450000,-0.360973,0.000000,1.000000
-0.125000,50.000000,1.000000,-0.089676,0.000000,1.000000
0.125000,50.000000,0.550000,-0.299294,0.000000,1.000000
0.125000,50.000000,0.600000,-0.280890,0.000000,1.000000
0.125000,50.000000,0.650000,-0.282133,0.000000,1.000000
0.125000,50.000000,0.750000,-0.220647,0.000000,1.000000
0.125000,50.000000,0.700000,-0.202576,0.000000,1.000000
0.125000,50.000000,0.850000,-0.144168,0.000000,1.000000
0.125000,50.000000,0.900000,-0.127524,0.000000,1.000000
0.125000,50.000000,0.800000,-0.231321,0.000000,1.000000
0.125000,100.000000,0.000000,-0.885688,0.000000,1.000000
0.125000,100.000000,0.600000,-0.010565,0.000000,1.000000
0.125000,100.000000,0.650000,-0.000016,0.000000,1.000000
0.125000,100.000000,0.050000,-0.679640,0.000000,1.000000
0.125000,100.000000,0.250000,-0.242224,0.000000,1.000000
0.125000,100.000000,0.100000,-0.566798,0.000000,1.000000
0.125000,100.000000,0.450000,-0.164924,0.000000,1.000000
0.125000,100.000000,0.350000,-0.228438,0.000000,1.000000
0.125000,100.000000,0.500000,-0.170139,0.000000,1.000000
0.125000,100.000000,0.400000,-0.193636,0.000000,1.000000
0.125000,100.000000,0.300000,-0.270312,0.000000,1.000000
0.125000,100.000000,0.150000,-0.398990,0.000000,1.000000
0.125000,100.000000,0.200000,-0.385344,0.000000,1.000000
0.125000,100.000000,0.550000,-0.117791,0.000000,1.000000
0.125000,100.000000,0.700000,-0.055391,0.000000,1.000000
0.375000,10.000000,0.000000,-1.022236,0.000000,1.000000
0.375000,10.000000,0.050000,-1.001755,0.000000,1.000000
0.375000,10.000000,0.200000,-0.949187,0.000000,1.000000
0.375000,10.000000,0.150000,-0.942041,0.000000,1.000000
0.375000,10.000000,0.100000,-0.973911,0.000000,1.000000
0.375000,10.000000,0.250000,-0.899340,0.000000,1.000000
0.375000,10.000000,0.350000,-0.859321,0.000000,1.000000
0.375000,10.000000,0.300000,-0.861557,0.000000,1.000000
0.375000,10.000000,0.550000,-0.799358,0.000000,1.000000
0.375000,10.000000,0.500000,-0.829783,0.000000,1.000000
0.375000,10.000000,0.450000,-0.887754,0.000000,1.000000
0.375000,10.000000,0.650000,-0.765947,0.000000,1.000000
0.375000,10.000000,0.400000,-0.856422,0.000000,1.000000
0.375000,10.000000,0.600000,-0.782435,0.000000,1.000000
0.125000,100.000000,0.950000,-0.023840,0.000000,1.000000
0.375000,10.000000,0.750000,-0.734215,0.000000,1.000000
0.375000,10.000000,0.700000,-0.764909,0.000000,1.000000
0.125000,100.000000,0.900000,-0.069848,0.000000,1.000000
-0.125000,100.000000,0.850000,-0.073201,0.000000,1.000000
0.375000,10.000000,0.800000,-0.706390,0.000000,1.000000
0.375000,10.000000,0.850000,-0.758546,0.000000,1.000000
0.375000,10.000000,0.900000,-0.698856,0.000000,1.000000
0.375000,10.000000,1.000000,-0.640286,0.000000,1.000000
0.375000,10.000000,0.950000,-0.684084,0.000000,1.000000
0.375000,25.000000,0.000000,-0.958213,0.000000,1.000000
0.125000,100.000000,1.000000,-0.060644,0.000000,1.000000
0.375000,25.000000,0.050000,-0.903154,0.000000,1.000000
0.375000,25.000000,0.100000,-0.853401,0.000000,1.000000
0.375000,25.000000,0.200000,-0.747706,0.000000,1.000000
0.375000,25.000000,0.250000,-0.717104,0.000000,1.000000
0.375000,25.000000,0.150000,-0.806230,0.000000,1.000000
0.375000,25.000000,0.300000,-0.693006,0.000000,1.000000
0.375000,25.000000,0.350000,-0.669373,0.000000,1.000000
0.375000,25.000000,0.450000,-0.563890,0.000000,1.000000
0.375000,25.000000,0.400000,-0.629803,0.000000,1.000000
0.375000,25.000000,0.500000,-0.596855,0.000000,1.000000
0.375000,25.000000,0.550000,-0.542912,0.000000,1.000000
0.375000,25.000000,0.650000,-0.499874,0.000000,1.000000
0.375000,25.000000,0.600000,-0.522221,0.000000,1.000000
0.375000,25.000000,0.700000,-0.478854,0.000000,1.000000
0.375000,25.000000,0.750000,-0.483732,0.000000,1.000000
0.375000,25.000000,0.850000,-0.433369,0.000000,1.000000
0.375000,25.000000,0.900000,-0.414999,0.000000,1.000000
0.375000,25.000000,0.950000,-0.397406,0.000000,1.000000
0.375000,25.000000,0.800000,-0.467822,0.000000,1.000000
0.375000,25.000000,1.000000,-0.380537,0.000000,1.000000
0.375000,50.000000,0.100000,-0.713545,0.000000,1.000000
0.375000,50.000000,0.050000,-0.782852,0.000000,1.000000
0.375000,50.000000,0.000000,-0.874238,0.000000,1.000000
0.375000,50.000000,0.200000,-0.589558,0.000000,1.000000
0.375000,50.000000,0.250000,-0.539403,0.000000,1.000000
0.375000,50.000000,0.350000,-0.456118,0.000000,1.000000
0.375000,50.000000,0.150000,-0.620234,0.000000,1.000000
0.375000,50.000000,0.300000,-0.481171,0.000000,1.000000
0.375000,50.000000,0.400000,-0.421197,0.000000,1.000000
0.375000,50.000000,0.550000,-0.336421,0.000000,1.000000
0.375000,50.000000,0.500000,-0.361722,0.000000,1.000000
0.375000,50.000000,0.450000,-0.431155,0.000000,1.000000
0.375000,50.000000,0.700000,-0.202796,0.000000,1.000000
0.375000,50.000000,0.750000,-0.228008,0.000000,1.000000
0.375000,50.000000,0.600000,-0.287552,0.000000,1.000000
0.375000,50.000000,0.850000,-0.168798,0.000000,1.000000
0.375000,50.000000,0.800000,-0.211019,0.000000,1.000000
0.375000,50.000000,0.650000,-0.266598,0.000000,1.000000
0.125000,100.000000,0.750000,-0.002802,1.000000,2.000000
0.375000,50.000000,1.000000,-0.161134,0.000000,1.000000
0.375000,50.000000,0.950000,-0.156411,0.000000,1.000000
0.375000,50.000000,0.900000,-0.128074,0.000000,1.000000
0.125000,100.000000,0.800000,-0.000000,1.000000,2.000000
0.375000,100.000000,0.000000,-0.774822,0.000000,1.000000
0.375000,100.000000,0.150000,-0.378054,0.000000,1.000000
0.375000,100.000000,0.050000,-0.633117,0.000000,1.000000
0.375000,100.000000,0.100000,-0.470275,0.000000,1.000000
0.375000,100.000000,0.200000,-0.307309,0.000000,1.000000
0.375000,100.000000,0.250000,-0.348670,0.000000,1.000000
0.375000,100.000000,0.350000,-0.222267,0.000000,1.000000
0.375000,100.000000,0.300000,-0.291179,0.000000,1.000000
-0.125000,100.000000,0.800000,-0.093063,0.000000,1.000000
0.375000,100.000000,0.400000,-0.150479,0.000000,1.000000
0.375000,100.000000,0.450000,-0.145040,0.000000,1.000000
0.625000,10.000000,0.050000,-1.031369,0.000000,1.000000
0.625000,10.000000,0.000000,-1.043199,0.000000,1.000000
0.375000,100.000000,0.500000,-0.144663,0.000000,1.000000
0.625000,10.000000,0.100000,-0.977225,0.000000,1.000000
0.625000,10.000000,0.150000,-0.981881,0.000000,1.000000
0.375000,100.000000,0.550000,-0.139280,0.000000,1.000000
0.375000,100.000000,0.600000,-0.113094,0.000000,1.000000
0.375000,100.000000,0.750000,-0.051386,0.000000,1.000000
0.375000,100.000000,0.700000,-0.135110,0.000000,1.000000
0.375000,100.000000,0.800000,-0.039737,0.000000,1.000000
0.375000,100.000000,0.650000,-0.078679,0.000000,1.000000
0.625000,10.000000,0.200000,-0.954179,0.000000,1.000000
0.625000,10.000000,0.250000,-0.934751,0.000000,1.000000
0.375000,100.000000,0.850000,-0.000017,0.000000,1.000000
0.375000,100.000000,0.950000,-0.032151,0.000000,1.000000
0.625000,10.000000,0.350000,-0.894219,0.000000,1.000000
0.625000,10.000000,0.300000,-0.914170,0.000000,1.000000
0.375000,100.000000,0.900000,-0.062159,0.000000,1.000000
0.375000,100.000000,1.000000,-0.002913,0.000000,1.000000
0.625000,10.000000,0.400000,-0.927581,0.000000,1.000000
-0.125000,100.000000,0.750000,-0.093734,0.000000,1.000000
0.625000,10.000000,0.450000,-0.882091,0.000000,1.000000
0.625000,10.000000,0.600000,-0.834689,0.000000,1.000000
0.625000,10.000000,0.550000,-0.848900,0.000000,1.000000
0.625000,10.000000,0.500000,-0.865273,0.000000,1.000000
0.625000,10.000000,0.700000,-0.781423,0.000000,1.000000
0.625000,10.000000,0.800000,-0.788013,0.000000,1.000000
0.625000,10.000000,0.850000,-0.735569,0.000000,1.000000
0.625000,10.000000,1.000000,-0.680529,0.000000,1.000000
0.625000,10.000000,0.900000,-0.720997,0.000000,1.000000
0.625000,10.000000,0.650000,-0.817414,0.000000,1.000000
0.625000,10.000000,0.950000,-0.706762,0.000000,1.000000
0.625000,10.000000,0.750000,-0.801710,0.000000,1.000000
0.625000,25.000000,0.000000,-0.942600,0.000000,1.000000
0.625000,25.000000,0.050000,-0.899374,0.000000,1.000000
0.625000,25.000000,0.100000,-0.854430,0.000000,1.000000
0.625000,25.000000,0.150000,-0.812718,0.000000,1.000000
0.625000,25.000000,0.200000,-0.761202,0.000000,1.000000
0.625000,25.000000,0.250000,-0.771160,0.000000,1.000000
0.625000,25.000000,0.300000,-0.695274,0.000000,1.000000
0.625000,25.000000,0.350000,-0.658779,0.000000,1.000000
0.625000,25.000000,0.500000,-0.578547,0.000000,1.000000
0.625000,25.000000,0.450000,-0.605106,0.000000,1.000000
0.625000,25.000000,0.400000,-0.600646,0.000000,1.000000
0.625000,25.000000,0.550000,-0.582039,0.000000,1.000000
0.625000,25.000000,0.650000,-0.552327,0.000000,1.000000
0.625000,25.000000,0.600000,-0.534277,0.000000,1.000000
0.625000,25.000000,0.750000,-0.498654,0.000000,1.000000
0.625000,25.000000,0.700000,-0.553138,0.000000,1.000000
0.625000,25.000000,0.800000,-0.448347,0.000000,1.000000
0.625000,25.000000,0.850000,-0.429121,0.000000,1.000000
0.625000,25.000000,0.950000,-0.393087,0.000000,1.000000
0.625000,25.000000,0.900000,-0.411020,0.000000,1.000000
0.625000,25.000000,1.000000,-0.376172,0.000000,1.000000
0.125000,100.000000,0.850000,-0.003530,2.000000,3.000000
0.625000,50.000000,0.000000,-0.800128,0.000000,1.000000
0.625000,50.000000,0.050000,-0.726935,0.000000,1.000000
0.125000,50.000000,1.000000,-0.156775,0.000000,1.000000
0.625000,50.000000,0.100000,-0.660212,0.000000,1.000000
0.625000,50.000000,0.250000,-0.533894,0.000000,1.000000
0.625000,50.000000,0.150000,-0.607529,0.000000,1.000000
0.625000,50.000000,0.300000,-0.444550,0.000000,1.000000
0.625000,50.000000,0.400000,-0.391763,0.000000,1.000000
0.625000,50.000000,0.450000,-0.361727,0.000000,1.000000
0.625000,50.000000,0.350000,-0.437287,0.000000,1.000000
0.625000,50.000000,0.500000,-0.382791,0.000000,1.000000
0.625000,50.000000,0.200000,-0.589205,0.000000,1.000000
0.625000,50.000000,0.600000,-0.309769,0.000000,1.000000
0.625000,50.000000,0.650000,-0.328918,0.000000,1.000000
0.625000,50.000000,0.550000,-0.301168,0.000000,1.000000
0.625000,50.000000,0.750000,-0.290771,0.000000,1.000000
0.625000,50.000000,0.700000,-0.210205,0.000000,1.000000
0.625000,50.000000,0.900000,-0.217607,0.000000,1.000000
0.625000,50.000000,0.850000,-0.235264,0.000000,1.000000
0.625000,50.000000,0.800000,-0.273648,0.000000,1.000000
0.625000,50.000000,0.950000,-0.103028,0.000000,1.000000
0.625000,50.000000,1.000000,-0.217400,0.000000,1.000000
0.625000,100.000000,0.050000,-0.540834,0.000000,1.000000
0.625000,100.000000,0.100000,-0.454479,0.000000,1.000000
0.625000,100.000000,0.150000,-0.406069,0.000000,1.000000
0.625000,100.000000,0.000000,-0.661243,0.000000,1.000000
0.875000,10.000000,0.000000,-1.085459,0.000000,1.000000
0.875000,10.000000,0.100000,-1.049326,0.000000,1.000000
0.875000,10.000000,0.050000,-1.032695,0.000000,1.000000
0.875000,10.000000,0.150000,-0.988983,0.000000,1.000000
0.625000,100.000000,0.250000,-0.287327,0.000000,1.000000
0.875000,10.000000,0.200000,-0.920306,0.000000,1.000000
0.875000,10.000000,0.250000,-0.943112,0.000000,1.000000
0.625000,100.000000,0.200000,-0.385884,0.000000,1.000000
0.875000,10.000000,0.450000,-0.831359,0.000000,1.000000
0.875000,10.000000,0.300000,-0.921002,0.000000,1.000000
0.875000,10.000000,0.400000,-0.967720,0.000000,1.000000
0.875000,10.000000,0.350000,-0.924025,0.000000,1.000000
0.625000,100.000000,0.300000,-0.225917,0.000000,1.000000
0.625000,100.000000,0.450000,-0.144938,0.000000,1.000000
0.625000,100.000000,0.400000,-0.167931,0.000000,1.000000
0.875000,10.000000,0.500000,-0.899303,0.000000,1.000000
0.625000,100.000000,0.850000,-0.001233,0.000000,1.000000
0.625000,100.000000,0.350000,-0.144132,0.000000,1.000000
0.625000,100.000000,0.500000,-0.155919,0.000000,1.000000
0.875000,10.000000,0.550000,-0.923534,0.000000,1.000000
0.625000,100.000000,0.600000,-0.119199,0.000000,1.000000
0.625000,100.000000,0.800000,-0.064660,0.000000,1.000000
0.875000,10.000000,0.600000,-0.883195,0.000000,1.000000
0.625000,100.000000,0.550000,-0.095696,0.000000,1.000000
0.625000,100.000000,0.700000,-0.089367,0.000000,1.000000
0.625000,100.000000,0.650000,-0.093058,0.000000,1.000000
0.625000,100.000000,0.750000,-0.055844,0.000000,1.000000
0.875000,10.000000,0.650000,-0.723043,0.000000,1.000000
0.875000,10.000000,0.700000,-0.703205,0.000000,1.000000
0.875000,10.000000,0.750000,-0.683844,0.000000,1.000000
0.875000,10.000000,0.800000,-0.725484,0.000000,1.000000
0.125000,50.000000,0.500000,-0.328491,0.000000,1.000000
0.875000,10.000000,0.850000,-0.646478,0.000000,1.000000
0.875000,10.000000,0.900000,-0.662849,0.000000,1.000000
0.875000,10.000000,0.950000,-0.751707,0.000000,1.000000
0.875000,10.000000,1.000000,-0.776302,0.000000,1.000000
0.875000,25.000000,0.000000,-0.953679,0.000000,1.000000
0.875000,25.000000,0.100000,-0.844240,0.000000,1.000000
0.875000,25.000000,0.250000,-0.727698,0.000000,1.000000
0.875000,25.000000,0.050000,-0.875031,0.000000,1.000000
0.875000,25.000000,0.200000,-0.775563,0.000000,1.000000
0.875000,25.000000,0.150000,-0.805915,0.000000,1.000000
0.875000,25.000000,0.300000,-0.719637,0.000000,1.000000
0.875000,25.000000,0.350000,-0.675817,0.000000,1.000000
0.875000,25.000000,0.400000,-0.666575,0.000000,1.000000
0.875000,25.000000,0.450000,-0.638096,0.000000,1.000000
0.875000,25.000000,0.600000,-0.576344,0.000000,1.000000
0.875000,25.000000,0.550000,-0.574347,0.000000,1.000000
0.875000,25.000000,0.500000,-0.633723,0.000000,1.000000
0.875000,25.000000,0.650000,-0.526520,0.000000,1.000000
0.875000,25.000000,0.750000,-0.431412,0.000000,1.000000
0.875000,25.000000,0.700000,-0.524074,0.000000,1.000000
0.875000,25.000000,0.850000,-0.441378,0.000000,1.000000
0.875000,25.000000,0.800000,-0.506977,0.000000,1.000000
0.875000,25.000000,0.900000,-0.446436,0.000000,1.000000
0.875000,25.000000,0.950000,-0.453486,0.000000,1.000000
0.875000,25.000000,1.000000,-0.384959,0.000000,1.000000
0.875000,50.000000,0.000000,-0.726127,0.000000,1.000000
0.875000,50.000000,0.050000,-0.688632,0.000000,1.000000
0.875000,50.000000,0.150000,-0.620291,0.000000,1.000000
0.875000,50.000000,0.100000,-0.636086,0.000000,1.000000
0.875000,50.000000,0.300000,-0.503715,0.000000,1.000000
0.875000,50.000000,0.200000,-0.546314,0.000000,1.000000
0.875000,50.000000,0.250000,-0.491673,0.000000,1.000000
0.875000,50.000000,0.350000,-0.407223,0.000000,1.000000
0.875000,50.000000,0.450000,-0.417345,0.000000,1.000000
0.875000,50.000000,0.400000,-0.437408,0.000000,1.000000
0.875000,50.000000,0.500000,-0.347657,0.000000,1.000000
0.875000,50.000000,0.650000,-0.302754,0.000000,1.000000
0.875000,50.000000,0.750000,-0.264424,0.000000,1.000000
0.875000,50.000000,0.600000,-0.348700,0.000000,1.000000
0.875000,50.000000,0.950000,-0.106063,0.000000,1.000000
0.875000,50.000000,0.850000,-0.230295,0.000000,1.000000
0.875000,50.000000,0.550000,-0.412416,0.000000,1.000000
0.875000,50.000000,0.900000,-0.168706,0.000000,1.000000
0.875000,50.000000,0.700000,-0.224308,0.000000,1.000000
0.875000,50.000000,0.800000,-0.246883,0.000000,1.000000
0.875000,50.000000,1.000000,-0.252299,0.000000,1.000000
0.625000,100.000000,0.950000,-0.048047,1.000000,2.000000
0.875000,100.000000,0.050000,-0.453447,0.000000,1.000000
0.875000,100.000000,0.300000,-0.295269,0.000000,1.000000
0.875000,100.000000,0.000000,-0.571473,0.000000,1.000000
0.875000,100.000000,0.150000,-0.400748,0.000000,1.000000
0.875000,100.000000,0.100000,-0.447616,0.000000,1.000000
0.875000,100.000000,0.200000,-0.282630,0.000000,1.000000
0.625000,100.000000,1.000000,-0.038009,1.000000,2.000000
0.625000,100.000000,0.900000,-0.053614,1.000000,2.000000
0.875000,100.000000,0.250000,-0.331993,0.000000,1.000000
0.875000,100.000000,0.600000,-0.034199,0.000000,1.000000
0.875000,100.000000,0.350000,-0.178529,0.000000,1.000000
0.875000,100.000000,0.500000,-0.124257,0.000000,1.000000
0.875000,100.000000,0.550000,-0.103883,0.000000,1.000000
1.125000,10.000000,0.050000,-1.074175,0.000000,1.000000
1.125000,10.000000,0.000000,-1.119059,0.000000,1.000000
0.875000,100.000000,0.650000,-0.062226,0.000000,1.000000
1.125000,10.000000,0.100000,-1.061852,0.000000,1.000000
1.125000,10.000000,0.150000,-1.077651,0.000000,1.000000
1.125000,10.000000,0.300000,-0.980953,0.000000,1.000000
1.125000,10.000000,0.250000,-0.986774,0.000000,1.000000
0.875000,100.000000,0.400000,-0.182557,0.000000,1.000000
0.875000,100.000000,0.450000,-0.146496,0.000000,1.000000
1.125000,10.000000,0.400000,-0.893511,0.000000,1.000000
1.125000,10.000000,0.350000,-0.994217,0.000000,1.000000
0.875000,100.000000,0.700000,-0.051601,0.000000,1.000000
1.125000,10.000000,0.450000,-0.943101,0.000000,1.000000
1.125000,10.000000,0.500000,-0.852685,0.000000,1.000000
1.125000,10.000000,0.550000,-0.919692,0.000000,1.000000
1.125000,10.000000,0.200000,-0.993701,0.000000,1.000000
1.125000,10.000000,0.600000,-0.936169,0.000000,1.000000
0.875000,100.000000,0.800000,-0.076287,0.000000,1.000000
0.875000,100.000000,0.750000,-0.119658,0.000000,1.000000
1.125000,10.000000,0.650000,-0.794431,0.000000,1.000000
0.875000,100.000000,0.850000,-0.001668,0.000000,1.000000
1.125000,10.000000,0.700000,-0.815613,0.000000,1.000000
0.875000,100.000000,0.950000,-0.061309,0.000000,1.000000
0.875000,100.000000,1.000000,-0.031264,0.000000,1.000000
1.125000,10.000000,0.750000,-0.813414,0.000000,1.000000
1.125000,10.000000,0.800000,-0.879254,0.000000,1.000000
1.125000,10.000000,0.850000,-0.750807,0.000000,1.000000
1.125000,10.000000,0.900000,-0.665667,0.000000,1.000000
1.125000,10.000000,1.000000,-0.708842,0.000000,1.000000
1.125000,25.000000,0.000000,-0.898836,0.000000,1.000000
1.125000,10.000000,0.950000,-0.811721,0.000000,1.000000
1.125000,25.000000,0.050000,-0.894196,0.000000,1.000000
1.125000,25.000000,0.200000,-0.825625,0.000000,1.000000
1.125000,25.000000,0.250000,-0.773437,0.000000,1.000000
1.125000,25.000000,0.300000,-0.727999,0.000000,1.000000
1.125000,25.000000,0.150000,-0.827413,0.000000,1.000000
1.125000,25.000000,0.100000,-0.827071,0.000000,1.000000
1.125000,25.000000,0.350000,-0.633699,0.000000,1.000000
1.125000,25.000000,0.450000,-0.665570,0.000000,1.000000
1.125000,25.000000,0.600000,-0.598717,0.000000,1.000000
1.125000,25.000000,0.650000,-0.497371,0.000000,1.000000
1.125000,25.000000,0.400000,-0.689541,0.000000,1.000000
1.125000,25.000000,0.550000,-0.610978,0.000000,1.000000
1.125000,25.000000,0.700000,-0.490259,0.000000,1.000000
1.125000,25.000000,0.500000,-0.649992,0.000000,1.000000
1.125000,25.000000,0.800000,-0.520937,0.000000,1.000000
1.125000,25.000000,0.850000,-0.453224,0.000000,1.000000
1.125000,25.000000,0.750000,-0.560847,0.000000,1.000000
1.125000,25.000000,0.900000,-0.470018,0.000000,1.000000
1.125000,25.000000,1.000000,-0.447664,0.000000,1.000000
1.125000,50.000000,0.000000,-0.685424,0.000000,1.000000
1.125000,50.000000,0.100000,-0.602566,0.000000,1.000000
1.125000,50.000000,0.250000,-0.531928,0.000000,1.000000
1.125000,25.000000,0.950000,-0.453324,0.000000,1.000000
1.125000,50.000000,0.200000,-0.527484,0.000000,1.000000
1.125000,50.000000,0.050000,-0.642793,0.000000,1.000000
1.125000,50.000000,0.300000,-0.520068,0.000000,1.000000
1.125000,50.000000,0.350000,-0.396616,0.000000,1.000000
1.125000,50.000000,0.400000,-0.374151,0.000000,1.000000
1.125000,50.000000,0.500000,-0.389184,0.000000,1.000000
1.125000,50.000000,0.450000,-0.412496,0.000000,1.000000
1.125000,50.000000,0.700000,-0.351824,0.000000,1.000000
1.125000,50.000000,0.600000,-0.312129,0.000000,1.000000
1.125000,50.000000,0.800000,-0.197172,0.000000,1.000000
1.125000,50.000000,0.750000,-0.289458,0.000000,1.000000
1.125000,50.000000,0.150000,-0.537122,0.000000,1.000000
1.125000,50.000000,0.900000,-0.253118,0.000000,1.000000
1.125000,50.000000,0.550000,-0.385340,0.000000,1.000000
1.125000,50.000000,0.950000,-0.227387,0.000000,1.000000
1.125000,50.000000,0.850000,-0.249400,0.000000,1.000000
1.125000,50.000000,0.650000,-0.322068,0.000000,1.000000
1.125000,50.000000,1.000000,-0.176322,0.000000,1.000000
1.125000,100.000000,0.050000,-0.438534,0.000000,1.000000
1.125000,100.000000,0.000000,-0.452291,0.000000,1.000000
1.125000,100.000000,0.100000,-0.368453,0.000000,1.000000
1.125000,100.000000,0.150000,-0.357675,0.000000,1.000000
1.125000,100.000000,0.200000,-0.227693,0.000000,1.000000
1.125000,100.000000,0.250000,-0.197153,0.000000,1.000000
1.125000,100.000000,0.300000,-0.241632,0.000000,1.000000
1.125000,100.000000,0.350000,-0.259528,0.000000,1.000000
0.875000,100.000000,0.900000,-0.040288,1.000000,2.000000
1.125000,100.000000,0.550000,-0.084114,0.000000,1.000000
1.125000,100.000000,0.500000,-0.214478,0.000000,1.000000
1.125000,100.000000,0.400000,-0.208123,0.000000,1.000000
1.125000,100.000000,0.450000,-0.209568,0.000000,1.000000
1.125000,100.000000,0.600000,-0.130710,0.000000,1.000000
1.125000,100.000000,0.700000,-0.116323,0.000000,1.000000
1.375000,10.000000,0.000000,-1.170683,0.000000,1.000000
1.125000,100.000000,0.650000,-0.170418,0.000000,1.000000
1.125000,100.000000,0.800000,-0.028693,0.000000,1.000000
1.125000,100.000000,0.750000,-0.112229,0.000000,1.000000
1.375000,10.000000,0.050000,-1.136446,0.000000,1.000000
1.375000,10.000000,0.100000,-1.137618,0.000000,1.000000
1.375000,10.000000,0.150000,-1.085402,0.000000,1.000000
1.375000,10.000000,0.200000,-1.079213,0.000000,1.000000
1.375000,10.000000,0.250000,-1.044478,0.000000,1.000000
1.375000,10.000000,0.300000,-1.055711,0.000000,1.000000
1.375000,10.000000,0.350000,-0.952216,0.000000,1.000000
1.375000,10.000000,0.400000,-0.932523,0.000000,1.000000
1.375000,10.000000,0.450000,-0.974403,0.000000,1.000000
1.375000,10.000000,0.550000,-0.965901,0.000000,1.000000
1.375000,10.000000,0.500000,-0.894282,0.000000,1.000000
1.375000,10.000000,0.600000,-0.865615,0.000000,1.000000
1.375000,10.000000,0.750000,-0.873559,0.000000,1.000000
1.375000,10.000000,0.650000,-0.972351,0.000000,1.000000
1.375000,10.000000,0.700000,-0.822203,0.000000,1.000000
1.125000,100.000000,0.900000,-0.095672,0.000000,1.000000
1.375000,10.000000,0.800000,-0.898766,0.000000,1.000000
1.125000,100.000000,0.850000,-0.107613,0.000000,1.000000
1.375000,10.000000,0.850000,-0.817430,0.000000,1.000000
1.125000,100.000000,0.950000,-0.069121,0.000000,1.000000
1.375000,10.000000,0.900000,-0.863252,0.000000,1.000000
1.125000,100.000000,1.000000,-0.086579,0.000000,1.000000
1.375000,10.000000,0.950000,-0.756656,0.000000,1.000000
1.375000,10.000000,1.000000,-0.740428,0.000000,1.000000
0.125000,50.000000,0.950000,-0.157841,0.000000,1.000000
1.375000,25.000000,0.100000,-0.834782,0.000000,1.000000
1.375000,25.000000,0.050000,-0.842218,0.000000,1.000000
1.375000,25.000000,0.200000,-0.783454,0.000000,1.000000
1.375000,25.000000,0.250000,-0.760378,0.000000,1.000000
1.375000,25.000000,0.150000,-0.800619,0.000000,1.000000
1.375000,25.000000,0.000000,-0.900421,0.000000,1.000000
1.375000,25.000000,0.350000,-0.660007,0.000000,1.000000
1.375000,25.000000,0.300000,-0.763760,0.000000,1.000000
1.375000,25.000000,0.400000,-0.633988,0.000000,1.000000
1.375000,25.000000,0.450000,-0.583844,0.000000,1.000000
1.375000,25.000000,0.750000,-0.554985,0.000000,1.000000
1.375000,25.000000,0.650000,-0.615956,0.000000,1.000000
1.375000,25.000000,0.800000,-0.450077,0.000000,1.000000
1.375000,25.000000,0.500000,-0.592110,0.000000,1.000000
1.375000,25.000000,0.900000,-0.487933,0.000000,1.000000
1.375000,25.000000,0.550000,-0.618309,0.000000,1.000000
1.375000,25.000000,0.700000,-0.559276,0.000000,1.000000
1.375000,25.000000,0.600000,-0.588807,0.000000,1.000000
1.375000,25.000000,0.950000,-0.450219,0.000000,1.000000
1.375000,25.000000,0.850000,-0.489535,0.000000,1.000000
1.375000,25.000000,1.000000,-0.454541,0.000000,1.000000
1.375000,50.000000,0.050000,-0.633973,0.000000,1.000000
1.375000,50.000000,0.100000,-0.550793,0.000000,1.000000
1.375000,50.000000,0.000000,-0.582486,0.000000,1.000000
1.375000,50.000000,0.150000,-0.583516,0.000000,1.000000
1.375000,50.000000,0.200000,-0.474655,0.000000,1.000000
1.375000,50.000000,0.300000,-0.377517,0.000000,1.000000
1.375000,50.000000,0.500000,-0.305175,0.000000,1.000000
1.375000,50.000000,0.550000,-0.327183,0.000000,1.000000
1.375000,50.000000,0.400000,-0.334036,0.000000,1.000000
1.375000,50.000000,0.450000,-0.447949,0.000000,1.000000
1.375000,50.000000,0.600000,-0.358044,0.000000,1.000000
1.375000,50.000000,0.250000,-0.504752,0.000000,1.000000
1.375000,50.000000,0.650000,-0.335559,0.000000,1.000000
1.375000,50.000000,0.350000,-0.440309,0.000000,1.000000
1.375000,50.000000,0.700000,-0.185105,0.000000,1.000000
1.375000,50.000000,0.800000,-0.173345,0.000000,1.000000
1.375000,50.000000,0.750000,-0.275212,0.000000,1.000000
1.375000,50.000000,0.950000,-0.082187,0.000000,1.000000
1.375000,50.000000,0.850000,-0.107320,0.000000,1.000000
1.375000,50.000000,0.900000,-0.234601,0.000000,1.000000
1.375000,50.000000,1.000000,-0.179486,0.000000,1.000000
1.375000,100.000000,0.000000,-0.290181,0.000000,1.000000
1.375000,100.000000,0.050000,-0.357041,0.000000,1.000000
1.375000,100.000000,0.100000,-0.343723,0.000000,1.000000
1.375000,100.000000,0.150000,-0.312223,0.000000,1.000000
1.375000,100.000000,0.200000,-0.294514,0.000000,1.000000
1.375000,100.000000,0.300000,-0.298770,0.000000,1.000000
1.375000,100.000000,0.250000,-0.258384,0.000000,1.000000
1.375000,100.000000,0.450000,-0.227787,0.000000,1.000000
1.375000,100.000000,0.400000,-0.169637,0.000000,1.000000
1.375000,100.000000,0.350000,-0.238392,0.000000,1.000000
1.375000,100.000000,0.550000,-0.167077,0.000000,1.000000
1.375000,100.000000,0.500000,-0.179170,0.000000,1.000000
1.625000,10.000000,0.050000,-1.168733,0.000000,1.000000
1.375000,100.000000,0.600000,-0.161919,0.000000,1.000000
1.625000,10.000000,0.100000,-1.114103,0.000000,1.000000
1.625000,10.000000,0.000000,-1.134019,0.000000,1.000000
1.375000,100.000000,0.650000,-0.062855,0.000000,1.000000
1.625000,10.000000,0.150000,-1.113170,0.000000,1.000000
1.625000,10.000000,0.200000,-1.136373,0.000000,1.000000
1.375000,100.000000,0.700000,-0.106007,0.000000,1.000000
1.625000,10.000000,0.300000,-1.144627,0.000000,1.000000
1.625000,10.000000,0.250000,-1.066420,0.000000,1.000000
1.375000,100.000000,0.850000,-0.050357,0.000000,1.000000
1.375000,100.000000,0.750000,-0.119874,0.000000,1.000000
1.625000,10.000000,0.450000,-0.990145,0.000000,1.000000
1.625000,10.000000,0.400000,-0.984081,0.000000,1.000000
1.625000,10.000000,0.500000,-0.936065,0.000000,1.000000
1.625000,10.000000,0.550000,-0.948905,0.000000,1.000000
1.625000,10.000000,0.650000,-0.924735,0.000000,1.000000
1.375000,100.000000,0.800000,-0.128836,0.000000,1.000000
1.625000,10.000000,0.700000,-0.947031,0.000000,1.000000
1.625000,10.000000,0.600000,-0.914299,0.000000,1.000000
1.625000,10.000000,0.350000,-1.024345,0.000000,1.000000
1.375000,100.000000,0.900000,-0.095417,0.000000,1.000000
1.625000,10.000000,0.850000,-0.886203,0.000000,1.000000
1.625000,10.000000,0.900000,-0.788700,0.000000,1.000000
1.625000,10.000000,0.800000,-0.969426,0.000000,1.000000
1.375000,100.000000,0.950000,-0.091461,0.000000,1.000000
1.625000,10.000000,1.000000,-0.867779,0.000000,1.000000
1.625000,10.000000,0.950000,-0.897693,0.000000,1.000000
1.625000,10.000000,0.750000,-0.951764,0.000000,1.000000
1.375000,100.000000,1.000000,-0.081940,0.000000,1.000000
1.625000,25.000000,0.000000,-0.885271,0.000000,1.000000
1.625000,25.000000,0.100000,-0.846618,0.000000,1.000000
1.625000,25.000000,0.050000,-0.856747,0.000000,1.000000
1.625000,25.000000,0.150000,-0.789939,0.000000,1.000000
1.625000,25.000000,0.300000,-0.720958,0.000000,1.000000
1.625000,25.000000,0.250000,-0.770003,0.000000,1.000000
1.625000,25.000000,0.200000,-0.752667,0.000000,1.000000
1.625000,25.000000,0.500000,-0.656597,0.000000,1.000000
1.625000,25.000000,0.350000,-0.751808,0.000000,1.000000
1.625000,25.000000,0.400000,-0.712187,0.000000,1.000000
1.625000,25.000000,0.450000,-0.704028,0.000000,1.000000
1.625000,25.000000,0.550000,-0.584640,0.000000,1.000000
1.625000,25.000000,0.850000,-0.593641,0.000000,1.000000
1.625000,25.000000,0.750000,-0.583653,0.000000,1.000000
1.625000,25.000000,0.600000,-0.575009,0.000000,1.000000
1.625000,25.000000,0.900000,-0.530887,0.000000,1.000000
1.625000,25.000000,0.800000,-0.549508,0.000000,1.000000
1.625000,25.000000,1.000000,-0.418441,0.000000,1.000000
1.625000,25.000000,0.700000,-0.537436,0.000000,1.000000
1.625000,25.000000,0.950000,-0.455315,0.000000,1.000000
1.625000,25.000000,0.650000,-0.449954,0.000000,1.000000
1.625000,50.000000,0.000000,-0.556378,0.000000,1.000000
1.625000,50.000000,0.050000,-0.522713,0.000000,1.000000
1.625000,50.000000,0.100000,-0.592579,0.000000,1.000000
1.625000,50.000000,0.250000,-0.505899,0.000000,1.000000
1.625000,50.000000,0.150000,-0.524467,0.000000,1.000000
1.625000,50.000000,0.200000,-0.525796,0.000000,1.000000
1.625000,50.000000,0.300000,-0.449690,0.000000,1.000000
1.625000,50.000000,0.350000,-0.409046,0.000000,1.000000
1.625000,50.000000,0.400000,-0.448754,0.000000,1.000000
1.625000,50.000000,0.450000,-0.325121,0.000000,1.000000
1.625000,50.000000,0.550000,-0.385980,0.000000,1.000000
1.625000,50.000000,0.600000,-0.336112,0.000000,1.000000
1.625000,50.000000,0.500000,-0.404975,0.000000,1.000000
1.625000,50.000000,0.650000,-0.321574,0.000000,1.000000
1.625000,50.000000,0.800000,-0.267824,0.000000,1.000000
1.625000,50.000000,0.850000,-0.303706,0.000000,1.000000
1.625000,50.000000,0.900000,-0.202355,0.000000,1.000000
1.625000,50.000000,1.000000,-0.166715,0.000000,1.000000
1.625000,50.000000,0.750000,-0.314265,0.000000,1.000000
1.625000,50.000000,0.950000,-0.205523,0.000000,1.000000
1.625000,50.000000,0.700000,-0.333513,0.000000,1.000000
1.875000,10.000000,0.000000,-1.209847,0.000000,1.000000
1.875000,10.000000,0.050000,-1.184158,0.000000,1.000000
1.625000,100.000000,0.050000,-0.276602,0.000000,1.000000
1.625000,100.000000,0.200000,-0.267779,0.000000,1.000000
1.625000,100.000000,0.000000,-0.245791,0.000000,1.000000
1.625000,100.000000,0.150000,-0.298963,0.000000,1.000000
1.625000,100.000000,0.100000,-0.246815,0.000000,1.000000
1.625000,100.000000,0.350000,-0.155097,0.000000,1.000000
1.625000,100.000000,0.450000,-0.207220,0.000000,1.000000
1.625000,100.000000,0.400000,-0.209225,0.000000,1.000000
1.625000,100.000000,0.750000,-0.085903,0.000000,1.000000
1.625000,100.000000,0.500000,-0.185184,0.000000,1.000000
1.625000,100.000000,0.950000,-0.008765,0.000000,1.000000
1.625000,100.000000,0.600000,-0.143080,0.000000,1.000000
1.625000,100.000000,0.550000,-0.205582,0.000000,1.000000
1.625000,100.000000,0.300000,-0.157733,0.000000,1.000000
1.625000,100.000000,0.250000,-0.297712,0.000000,1.000000
1.625000,100.000000,0.650000,-0.141853,0.000000,1.000000
1.875000,10.000000,0.100000,-1.132436,0.000000,1.000000
1.625000,100.000000,0.700000,-0.116085,0.000000,1.000000
1.625000,100.000000,0.900000,-0.099538,0.000000,1.000000
1.625000,100.000000,0.850000,-0.094593,0.000000,1.000000
1.875000,10.000000,0.150000,-1.193262,0.000000,1.000000
1.625000,100.000000,0.800000,-0.123165,0.000000,1.000000
1.625000,100.000000,1.000000,-0.050251,0.000000,1.000000
1.875000,10.000000,0.300000,-1.144370,0.000000,1.000000
1.875000,10.000000,0.250000,-1.187056,0.000000,1.000000
1.875000,10.000000,0.200000,-1.067452,0.000000,1.000000
1.875000,10.000000,0.400000,-1.059723,0.000000,1.000000
1.875000,10.000000,0.450000,-1.042190,0.000000,1.000000
1.875000,10.000000,0.550000,-0.976117,0.000000,1.000000
1.875000,10.000000,0.350000,-1.042224,0.000000,1.000000
1.875000,10.000000,0.600000,-1.071656,0.000000,1.000000
1.875000,10.000000,0.500000,-0.984532,0.000000,1.000000
1.875000,10.000000,0.650000,-0.941979,0.000000,1.000000
1.875000,10.000000,0.700000,-0.926884,0.000000,1.000000
1.875000,10.000000,0.800000,-0.895167,0.000000,1.000000
1.875000,10.000000,0.850000,-0.994964,0.000000,1.000000
1.875000,10.000000,1.000000,-0.985767,0.000000,1.000000
1.875000,10.000000,0.900000,-0.905248,0.000000,1.000000
1.875000,10.000000,0.950000,-0.890186,0.000000,1.000000
1.875000,10.000000,0.750000,-0.822378,0.000000,1.000000
1.875000,25.000000,0.000000,-0.801413,0.000000,1.000000
1.875000,25.000000,0.050000,-0.847467,0.000000,1.000000
1.875000,25.000000,0.150000,-0.835915,0.000000,1.000000
1.875000,25.000000,0.100000,-0.820807,0.000000,1.000000
1.875000,25.000000,0.200000,-0.728674,0.000000,1.000000
1.875000,25.000000,0.250000,-0.804113,0.000000,1.000000
1.875000,25.000000,0.300000,-0.683473,0.000000,1.000000
1.875000,25.000000,0.350000,-0.741356,0.000000,1.000000
1.875000,25.000000,0.450000,-0.726374,0.000000,1.000000
1.875000,25.000000,0.400000,-0.689320,0.000000,1.000000
1.875000,25.000000,0.600000,-0.674691,0.000000,1.000000
1.875000,25.000000,0.550000,-0.564066,0.000000,1.000000
1.875000,25.000000,0.650000,-0.516284,0.000000,1.000000
1.875000,25.000000,0.700000,-0.657859,0.000000,1.000000
1.875000,25.000000,0.750000,-0.497598,0.000000,1.000000
1.875000,25.000000,0.500000,-0.683821,0.000000,1.000000
1.875000,25.000000,0.850000,-0.552038,0.000000,1.000000
1.875000,25.000000,1.000000,-0.540150,0.000000,1.000000
1.875000,25.000000,0.950000,-0.487222,0.000000,1.000000
1.875000,25.000000,0.800000,-0.513344,0.000000,1.000000
1.875000,50.000000,0.000000,-0.479518,0.000000,1.000000
1.875000,50.000000,0.050000,-0.488584,0.000000,1.000000
1.875000,25.000000,0.900000,-0.487072,0.000000,1.000000
1.875000,50.000000,0.100000,-0.464486,0.000000,1.000000
1.875000,50.000000,0.150000,-0.507981,0.000000,1.000000
1.875000,50.000000,0.300000,-0.492527,0.000000,1.000000
1.875000,50.000000,0.200000,-0.507457,0.000000,1.000000
1.875000,50.000000,0.350000,-0.449470,0.000000,1.000000
1.875000,50.000000,0.250000,-0.449600,0.000000,1.000000
1.875000,50.000000,0.400000,-0.409607,0.000000,1.000000
1.875000,50.000000,0.500000,-0.412298,0.000000,1.000000
1.875000,50.000000,0.450000,-0.360267,0.000000,1.000000
1.875000,50.000000,0.550000,-0.387749,0.000000,1.000000
1.875000,50.000000,0.650000,-0.326069,0.000000,1.000000
1.875000,50.000000,0.600000,-0.394778,0.000000,1.000000
1.875000,50.000000,0.850000,-0.278269,0.000000,1.000000
1.875000,50.000000,0.700000,-0.341962,0.000000,1.000000
1.875000,50.000000,0.750000,-0.311612,0.000000,1.000000
1.875000,50.000000,0.800000,-0.276157,0.000000,1.000000
1.875000,50.000000,1.000000,-0.122678,0.000000,1.000000
1.875000,50.000000,0.950000,-0.223288,0.000000,1.000000
1.875000,50.000000,0.900000,-0.251010,0.000000,1.000000
2.125000,10.000000,0.050000,-1.195009,0.000000,1.000000
2.125000,10.000000,0.000000,-1.245496,0.000000,1.000000
1.875000,100.000000,0.000000,-0.085013,0.000000,1.000000
1.875000,100.000000,0.050000,-0.172918,0.000000,1.000000
1.875000,100.000000,0.100000,-0.245854,0.000000,1.000000
1.875000,100.000000,0.150000,-0.256195,0.000000,1.000000
1.875000,100.000000,0.250000,-0.272267,0.000000,1.000000
1.875000,100.000000,0.350000,-0.238675,0.000000,1.000000
2.125000,10.000000,0.100000,-1.213390,0.000000,1.000000
1.875000,100.000000,0.300000,-0.232406,0.000000,1.000000
1.875000,100.000000,0.450000,-0.250036,0.000000,1.000000
1.875000,100.000000,0.550000,-0.116464,0.000000,1.000000
1.875000,100.000000,0.400000,-0.203500,0.000000,1.000000
1.875000,100.000000,0.650000,-0.131881,0.000000,1.000000
1.875000,100.000000,0.200000,-0.269093,0.000000,1.000000
1.875000,100.000000,0.500000,-0.183434,0.000000,1.000000
1.875000,100.000000,0.750000,-0.114102,0.000000,1.000000
1.875000,100.000000,0.900000,-0.067122,0.000000,1.000000
1.875000,100.000000,0.700000,-0.157494,0.000000,1.000000
1.875000,100.000000,0.950000,-0.079776,0.000000,1.000000
1.875000,100.000000,0.600000,-0.134366,0.000000,1.000000
1.875000,100.000000,1.000000,-0.067803,0.000000,1.000000
1.875000,100.000000,0.800000,-0.101229,0.000000,1.000000
2.125000,10.000000,0.250000,-1.207108,0.000000,1.000000
2.125000,10.000000,0.200000,-1.178326,0.000000,1.000000
2.125000,10.000000,0.300000,-1.183800,0.000000,1.000000
2.125000,10.000000,0.350000,-1.182430,0.000000,1.000000
2.125000,10.000000,0.450000,-0.942934,0.000000,1.000000
2.125000,10.000000,0.400000,-1.161904,0.000000,1.000000
1.875000,100.000000,0.850000,-0.125871,0.000000,1.000000
2.125000,10.000000,0.500000,-1.099826,0.000000,1.000000
2.125000,10.000000,0.550000,-1.124519,0.000000,1.000000
2.125000,10.000000,0.150000,-1.171245,0.000000,1.000000
2.125000,10.000000,0.700000,-0.970448,0.000000,1.000000
2.125000,10.000000,0.650000,-1.108144,0.000000,1.000000
2.125000,10.000000,0.600000,-1.120635,0.000000,1.000000
2.125000,10.000000,0.750000,-1.019635,0.000000,1.000000
2.125000,10.000000,0.850000,-1.044294,0.000000,1.000000
2.125000,10.000000,0.800000,-0.889023,0.000000,1.000000
2.125000,10.000000,0.900000,-1.043369,0.000000,1.000000
2.125000,10.000000,0.950000,-0.963112,0.000000,1.000000
2.125000,10.000000,1.000000,-0.801105,0.000000,1.000000
2.125000,25.000000,0.000000,-0.867120,0.000000,1.000000
2.125000,25.000000,0.050000,-0.819255,0.000000,1.000000
2.125000,25.000000,0.100000,-0.837516,0.000000,1.000000
2.125000,25.000000,0.200000,-0.807688,0.000000,1.000000
2.125000,25.000000,0.350000,-0.753630,0.000000,1.000000
2.125000,25.000000,0.250000,-0.763961,0.000000,1.000000
2.125000,25.000000,0.150000,-0.819182,0.000000,1.000000
2.125000,25.000000,0.450000,-0.743364,0.000000,1.000000
2.125000,25.000000,0.400000,-0.749674,0.000000,1.000000
2.125000,25.000000,0.500000,-0.581098,0.000000,1.000000
2.125000,25.000000,0.550000,-0.670095,0.000000,1.000000
2.125000,25.000000,0.300000,-0.667356,0.000000,1.000000
2.125000,25.000000,0.650000,-0.636679,0.000000,1.000000
2.125000,25.000000,0.600000,-0.645961,0.000000,1.000000
2.125000,25.000000,0.950000,-0.534253,0.000000,1.000000
2.125000,25.000000,0.750000,-0.463337,0.000000,1.000000
2.125000,25.000000,1.000000,-0.505219,0.000000,1.000000
2.125000,25.000000,0.900000,-0.538976,0.000000,1.000000
2.125000,25.000000,0.850000,-0.420605,0.000000,1.000000
2.125000,25.000000,0.700000,-0.590281,0.000000,1.000000
2.125000,25.000000,0.800000,-0.442888,0.000000,1.000000
2.125000,50.000000,0.000000,-0.435874,0.000000,1.000000
2.125000,50.000000,0.050000,-0.425267,0.000000,1.000000
2.125000,50.000000,0.100000,-0.458603,0.000000,1.000000
2.125000,50.000000,0.150000,-0.506690,0.000000,1.000000
2.125000,50.000000,0.300000,-0.494567,0.000000,1.000000
2.125000,50.000000,0.250000,-0.458329,0.000000,1.000000
2.125000,50.000000,0.350000,-0.396920,0.000000,1.000000
2.125000,50.000000,0.450000,-0.301999,0.000000,1.000000
2.125000,50.000000,0.400000,-0.422716,0.000000,1.000000
2.125000,50.000000,0.550000,-0.434050,0.000000,1.000000
2.125000,50.000000,0.600000,-0.308853,0.000000,1.000000
2.125000,50.000000,0.700000,-0.344340,0.000000,1.000000
2.125000,50.000000,0.500000,-0.371663,0.000000,1.000000
2.125000,50.000000,0.200000,-0.507040,0.000000,1.000000
2.125000,50.000000,0.850000,-0.341774,0.000000,1.000000
2.125000,50.000000,0.650000,-0.327177,0.000000,1.000000
2.125000,50.000000,0.900000,-0.233342,0.000000,1.000000
2.125000,50.000000,0.750000,-0.335482,0.000000,1.000000
2.125000,50.000000,0.800000,-0.357172,0.000000,1.000000
2.125000,50.000000,0.950000,-0.124912,0.000000,1.000000
2.125000,50.000000,1.000000,-0.300774,0.000000,1.000000
2.125000,100.000000,0.000000,-0.090234,0.000000,1.000000
2.125000,100.000000,0.050000,-0.200983,0.000000,1.000000
2.125000,100.000000,0.100000,-0.211150,0.000000,1.000000
2.125000,100.000000,0.150000,-0.222222,0.000000,1.000000
2.125000,100.000000,0.200000,-0.247629,0.000000,1.000000
2.125000,100.000000,0.350000,-0.238207,0.000000,1.000000
2.125000,100.000000,0.250000,-0.222026,0.000000,1.000000
2.125000,100.000000,0.300000,-0.234170,0.000000,1.000000
2.375000,10.000000,0.050000,-1.234230,0.000000,1.000000
2.125000,100.000000,0.800000,-0.015123,0.000000,1.000000
2.375000,10.000000,0.000000,-1.161964,0.000000,1.000000
2.125000,100.000000,0.400000,-0.211837,0.000000,1.000000
2.125000,100.000000,0.450000,-0.221966,0.000000,1.000000
2.125000,100.000000,0.550000,-0.196303,0.000000,1.000000
2.125000,100.000000,0.700000,-0.136802,0.000000,1.000000
2.125000,100.000000,0.650000,-0.120623,0.000000,1.000000
2.375000,10.000000,0.150000,-1.191595,0.000000,1.000000
2.375000,10.000000,0.100000,-1.163421,0.000000,1.000000
2.125000,100.000000,0.500000,-0.206352,0.000000,1.000000
2.125000,100.000000,0.900000,-0.095943,0.000000,1.000000
2.125000,100.000000,0.750000,-0.122610,0.000000,1.000000
2.125000,100.000000,0.950000,-0.090759,0.000000,1.000000
2.125000,100.000000,0.600000,-0.138475,0.000000,1.000000
2.125000,100.000000,0.850000,-0.089021,0.000000,1.000000
2.375000,10.000000,0.300000,-1.170477,0.000000,1.000000
2.375000,10.000000,0.500000,-1.073169,0.000000,1.000000
2.375000,10.000000,0.350000,-1.167936,0.000000,1.000000
2.125000,100.000000,1.000000,-0.065236,0.000000,1.000000
2.375000,10.000000,0.450000,-1.198756,0.000000,1.000000
2.375000,10.000000,0.400000,-1.101197,0.000000,1.000000
2.375000,10.000000,0.550000,-1.137515,0.000000,1.000000
2.375000,10.000000,0.250000,-1.134206,0.000000,1.000000
2.375000,10.000000,0.650000,-1.101749,0.000000,1.000000
2.375000,10.000000,0.700000,-1.152301,0.000000,1.000000
2.375000,10.000000,0.750000,-0.903898,0.000000,1.000000
2.375000,10.000000,0.850000,-1.048933,0.000000,1.000000
2.375000,10.000000,0.800000,-0.953975,0.000000,1.000000
2.375000,10.000000,1.000000,-0.956508,0.000000,1.000000
2.375000,10.000000,0.600000,-1.040226,0.000000,1.000000
2.375000,10.000000,0.950000,-0.905195,0.000000,1.000000
2.375000,10.000000,0.900000,-0.976804,0.000000,1.000000
2.375000,25.000000,0.000000,-0.828649,0.000000,1.000000
2.375000,10.000000,0.200000,-1.176244,0.000000,1.000000
2.375000,25.000000,0.050000,-0.777853,0.000000,1.000000
2.375000,25.000000,0.100000,-0.804821,0.000000,1.000000
2.375000,25.000000,0.150000,-0.749468,0.000000,1.000000
2.375000,25.000000,0.250000,-0.738964,0.000000,1.000000
2.375000,25.000000,0.200000,-0.761574,0.000000,1.000000
2.375000,25.000000,0.300000,-0.817860,0.000000,1.000000
2.375000,25.000000,0.400000,-0.766198,0.000000,1.000000
2.375000,25.000000,0.350000,-0.622953,0.000000,1.000000
2.375000,25.000000,0.450000,-0.773423,0.000000,1.000000
2.375000,25.000000,0.500000,-0.582661,0.000000,1.000000
2.375000,25.000000,0.550000,-0.616676,0.000000,1.000000
2.375000,25.000000,0.600000,-0.717518,0.000000,1.000000
2.375000,25.000000,0.800000,-0.580951,0.000000,1.000000
2.375000,25.000000,1.000000,-0.436651,0.000000,1.000000
2.375000,25.000000,0.650000,-0.673470,0.000000,1.000000
2.375000,25.000000,0.750000,-0.625588,0.000000,1.000000
2.375000,25.000000,0.850000,-0.603222,0.000000,1.000000
2.375000,25.000000,0.700000,-0.622087,0.000000,1.000000
2.375000,25.000000,0.950000,-0.557462,0.000000,1.000000
2.375000,25.000000,0.900000,-0.605116,0.000000,1.000000
2.375000,50.000000,0.000000,-0.338484,0.000000,1.000000
2.375000,50.000000,0.050000,-0.434182,0.000000,1.000000
2.375000,50.000000,0.100000,-0.457036,0.000000,1.000000
2.375000,50.000000,0.150000,-0.525217,0.000000,1.000000
2.375000,50.000000,0.200000,-0.470424,0.000000,1.000000
2.375000,50.000000,0.350000,-0.446524,0.000000,1.000000
2.375000,50.000000,0.250000,-0.445307,0.000000,1.000000
2.375000,50.000000,0.300000,-0.453530,0.000000,1.000000
2.375000,50.000000,0.500000,-0.422414,0.000000,1.000000
2.375000,50.000000,0.450000,-0.348564,0.000000,1.000000
2.375000,50.000000,0.550000,-0.304665,0.000000,1.000000
2.375000,50.000000,0.400000,-0.437422,0.000000,1.000000
2.375000,50.000000,0.600000,-0.347257,0.000000,1.000000
2.375000,50.000000,0.650000,-0.349772,0.000000,1.000000
2.375000,50.000000,0.700000,-0.408982,0.000000,1.000000
2.375000,50.000000,0.800000,-0.309691,0.000000,1.000000
2.375000,50.000000,0.750000,-0.309539,0.000000,1.000000
2.375000,50.000000,0.850000,-0.326491,0.000000,1.000000
2.375000,50.000000,0.900000,-0.278442,0.000000,1.000000
2.375000,50.000000,0.950000,-0.198898,0.000000,1.000000
2.375000,50.000000,1.000000,-0.234147,0.000000,1.000000
2.375000,100.000000,0.000000,0.000055,0.000000,1.000000
2.375000,100.000000,0.150000,-0.162039,0.000000,1.000000
2.375000,100.000000,0.050000,-0.098536,0.000000,1.000000
2.375000,100.000000,0.100000,-0.145346,0.000000,1.000000
2.375000,100.000000,0.250000,-0.182713,0.000000,1.000000
2.375000,100.000000,0.900000,-0.019943,0.000000,1.000000
2.375000,100.000000,0.450000,-0.121690,0.000000,1.000000
2.375000,100.000000,0.400000,-0.203620,0.000000,1.000000
2.375000,100.000000,0.350000,-0.207049,0.000000,1.000000
2.375000,100.000000,0.200000,-0.223845,0.000000,1.000000
2.375000,100.000000,0.500000,-0.220558,0.000000,1.000000
2.375000,100.000000,0.850000,-0.040741,0.000000,1.000000
2.375000,100.000000,0.300000,-0.213506,0.000000,1.000000
2.375000,100.000000,0.950000,-0.051764,0.000000,1.000000
2.375000,100.000000,0.550000,-0.123455,0.000000,1.000000
2.375000,100.000000,0.600000,-0.190477,0.000000,1.000000
2.375000,100.000000,0.800000,-0.096257,0.000000,1.000000
2.375000,100.000000,0.700000,-0.122544,0.000000,1.000000
2.375000,100.000000,0.650000,-0.117705,0.000000,1.000000
2.375000,100.000000,0.750000,-0.142226,0.000000,1.000000
2.375000,100.000000,1.000000,-0.056342,2.000000,3.000000
